symbol,$CrepSol,1,1Bull,1cat,1dog,1nu,67,7,AI20X,AI4,APOLLO,AUSBAGWORK,BAR,BLUB,BULLCOIN,Bagwork,CHARLIE,CRND,DARE,DETECTIVE,DREAM,ELIZABETH,FARTLESS,FARTWORM,FLY,HAROLD,HOODIE,Hosico,IDIOT,LION,MOCHI,MOON,Noxi,PILL,Pochita,RAGEGUY,RUECAT,RWA,SHITTER,SOL,SUPRACOIN,Streamless,T-2049,USDUT,USEFUL,Useless,VIBECODER,XBT,YAO,early,gib,grandma,obvious,pibble,viewer,wSOL,walkusa
$CrepSol,1.0,0.625909472414419,0.9223509023825494,0.7170965609306972,0.7182909540919427,-0.4346500169647217,0.3832569545911868,-0.4808931622724745,0.4328761010640333,0.4138003208139161,0.4850427938485081,0.5142258232807357,0.5687707977558192,0.9110853468322391,0.44323316962755643,0.3266921080482838,0.7465795846959241,-0.05436397951556836,0.76315105541501,-0.319442166038171,0.8525348360691349,0.6439405024841202,0.9774366327280931,0.5001770140058528,-0.6525543180827124,0.371850599212234,0.5216873046861137,0.46303747821088503,0.2847329491166229,0.7909733860696023,0.8804969793849704,0.04134455020402827,0.4211083523794331,0.3812536580469803,0.3156705797521959,0.6226613663426693,0.8999405033130125,0.07847354870390513,-0.2123905007108829,-0.5149182465312444,0.5585575195398954,0.756387851498168,0.9245135910746667,0.6169394862288843,0.43676270267434464,-0.3520980148286635,0.7253133614251163,0.34567710774911015,0.5899235415800896,0.604625452530666,0.3297385915831511,0.5712404741129932,0.8529662195392864,-0.2009509125847912,0.4801024137098228,0.8470168107289109,0.03687654025337933
1,0.625909472414419,1.0,0.6300988071019442,0.7218205757535273,0.4487799644097806,-0.8350294807733564,0.27011429524991537,-0.620657945458372,0.546741435075174,-0.0781690630045435,-0.05033546562087357,0.6868376189580101,-0.279850729588762,0.7753692161477018,-0.33577551432010505,-0.780737652272953,-0.24689038990298323,0.04107852931015453,0.737098124277629,-0.8223896653125646,0.752375104738055,0.6679803920001245,0.4566032342260682,0.4280575894113927,-0.6133701738533197,0.890742923150604,-0.42787706680864135,-0.5472480178374722,-0.4476668990707775,0.74269128892859,0.7878085838688089,-0.5016177402711897,-0.7202987754168746,0.5464956838619817,0.05288623672523471,0.9353151583000645,0.38039687475571826,-0.07521245457919867,-0.00047054686635028287,-0.860156392007974,-0.09126518761033826,0.7248694873834084,0.44002670217439505,0.8925135438170029,0.7266106239606867,0.19487520643681094,0.48101089502671546,0.648383341073692,0.2707051539141296,-0.7022569328720645,0.33776090638863676,0.4824357388734928,0.7090313436849263,-0.2821354098155478,0.4774993267842782,0.7412781210329269,-0.059126177981368995
1Bull,0.9223509023825494,0.6300988071019442,1.0,0.8228036523640508,0.7654085467913425,-0.6004257325189168,0.6668040468832376,-0.5401075316761252,0.7424868133593713,0.5349269867494342,0.43927118916260904,0.5944978100780254,0.9259912866462072,0.923524997939901,0.7476663891806777,0.31883805868800086,0.9902474889293692,0.4022282269574466,0.9276159226006031,0.22048817646187888,0.9389812663092901,0.7930801950711056,0.9107946935245733,0.7000531269254068,-0.8373811282637601,0.5155206819059481,0.7858534858237385,0.5239652452986923,0.12650185785379414,0.8983389173086969,0.8439756227290025,-0.20661096424503525,0.37881795948903674,0.5746114888811543,0.6821081432018901,0.7239257679299476,0.924311018530776,0.008641870279489526,-0.3914589308459985,-0.6823616491974718,0.6658407016894289,0.8872200102050998,0.7677004088046034,0.7196712062940582,0.702398370590319,-0.7864863217044087,0.7482279206017103,0.5232763712855422,0.7946630847920769,0.6998912671985069,0.6621634601321407,0.01201250431854849,0.9513564302319534,-0.2955654355459247,0.5500737367520516,0.9309544338986441,-0.41186321113773666
1cat,0.7170965609306972,0.7218205757535273,0.8228036523640508,1.0,-0.8584673383696976,-0.8913437203477192,-0.9830919812219043,0.9364853459968184,-0.9981586461283123,0.056710844394170734,0.8256563167278478,0.9057810154687294,-0.6808079957413676,0.9365695737573683,-0.08776993245871566,0.6151487294469816,-0.5778960752705806,-0.8897075903659375,0.928197050395031,-0.09327537464718515,0.8879025967016506,0.9831677288086769,0.672436726238684,-0.9656648581727043,-0.7347793513232649,0.6820521365509575,-0.033550813631219846,0.43752326991938456,-0.09879847754979315,0.9905215716616599,0.9243349765232199,0.9397185634032262,0.578816133751564,-0.9293586045126246,-0.5907319862696985,0.7678098186293186,0.7151934961362155,0.7616929061703547,-0.7692916278241604,-0.8766386297328916,0.10812174849465513,0.9869136624401876,-0.5553156683192717,0.9324812413285268,0.7458517713303825,0.8094983087114793,-0.8464110279618261,0.786833233784345,-0.9290743812669828,0.21195359919724122,0.6904921575121676,0.2506605981898428,0.9425522039306626,0.33480373852126627,-0.5291768446223527,0.9719414846449456,0.9002171070714277
1dog,0.7182909540919427,0.4487799644097806,0.7654085467913425,-0.8584673383696976,1.0,0.6491378376763088,0.8365879316149217,-0.8931977120339148,0.9617521163102757,0.7004625299935605,-0.2728071491278908,-0.006560534423812658,0.7300318369988024,0.8011278359535091,0.25833327957949065,0.04045190414792728,0.79126396777354,0.4467350246263754,0.36378626716346435,0.37811299196633025,0.7918122811052141,0.007450038613289766,0.5867388658218011,0.9593830070080294,0.09210392443289905,0.23686973946671233,0.29545997918801503,-0.12377178513252618,0.5413296256710267,0.02295883825798567,0.22630701556961252,-0.6921686869254092,-0.015819687632741965,0.984981385392483,0.6075808628638131,0.7162910475781444,0.3570099268639476,0.6431924007734214,0.86527043848137,0.16182543907786232,0.26367267190969135,0.4984017228833646,0.9131548444953729,0.47400807199708966,0.5298589762277373,0.3936325317886371,0.9671514935334949,-0.08137369333242897,0.9694594258372985,0.34021054060242567,-0.12640530142723286,0.18964381721532733,0.4819900063298327,-0.8141003193790689,0.8829483876742749,0.5102214775047175,-0.4574885229328708
1nu,-0.4346500169647217,-0.8350294807733564,-0.6004257325189168,-0.8913437203477192,0.6491378376763088,1.0,0.668081047228397,-0.258739992214657,0.18122060770835896,0.17018541557981132,-0.10142209654880549,-0.7754490088294365,0.7222935184872864,-0.7877882766528808,0.4364493473239691,0.7741487539219111,0.9060679046373377,-0.021250170626017657,-0.8887699411779794,0.635589576651145,-0.7251790931220037,-0.69794527497003,-0.24556801311791007,0.21378186661276505,0.6531038467419854,-0.8632856960173119,0.49057134738045083,0.5734700796496918,0.6805888946908768,-0.854267594526256,-0.7432793384724946,-0.02433748713239485,0.742483665138934,0.13422382449405265,0.10688194393500355,-0.8311311261415357,-0.38613502007969897,0.19571358697253907,0.4999182804221983,0.9336530615739523,0.343873800982818,-0.7232551218186601,0.79474531371946,-0.5322785040349011,-0.523103087003632,0.5452850618968272,0.7089344436200794,-0.740299353088111,0.6280702145944931,0.934503779843292,-0.6135588705037893,0.15908956601095858,-0.69191799544571,-0.14682890757671002,-0.04276344380468499,-0.7053442601493508,0.021710381746432455
67,0.3832569545911868,0.27011429524991537,0.6668040468832376,-0.9830919812219043,0.8365879316149217,0.668081047228397,1.0,-0.6213076423909765,0.8891475943077453,0.8311722217419965,-0.4520562360903114,0.08441962947321184,0.6160533126596226,0.6314231306634104,0.26671168946671064,0.2588726290865643,0.9172741213378448,0.3807953922212013,0.7192940962582257,0.7969223113251727,0.6100379214316091,0.5481504885172567,0.2498484123038025,0.9807367497227717,0.4475232143418843,0.3575767513399321,0.2561053091743846,-0.2658053360194574,0.2481812896076519,-0.2135444856875231,-0.2418167683618104,-0.6673567239670819,0.10034115104710965,0.9050594105788793,0.7231945723265166,0.6996308673447723,0.18700352776901613,0.8637766699304423,0.8216953812456855,0.13592857132491845,0.06960428837724943,0.8417402675982105,0.8300965955701957,0.7964917082614605,0.8674456915703642,0.7536483454500955,0.928955749602623,0.006787748952329584,0.8446430005557464,0.43261242927716703,0.212717392490266,-0.2647619136646721,0.2976927859990827,-0.9956278046914541,0.6187624104055576,0.40576791423868497,-0.3785324956017352
7,-0.4808931622724745,-0.620657945458372,-0.5401075316761252,0.9364853459968184,-0.8931977120339148,-0.258739992214657,-0.6213076423909765,1.0,-0.9167418272726775,-0.5782719742166482,0.5652700498683784,-0.2989881460051221,-0.5901033003547279,-0.9426738332922294,0.013441274494769414,0.40645571679500403,-0.45766224098668534,-0.6432555178413696,-0.3655335719180655,-0.054441774209566605,-0.5578326272213723,0.16734700615504838,-0.37732356824689056,-0.9644139039123206,0.16215571557707154,-0.5305417672078473,0.00681933612108271,0.43051727176457566,-0.24861390641044648,0.2965962178669039,-0.05291087792778797,0.8500616330352523,0.433641860188121,-0.8685138428413872,-0.44343507018549505,-0.8917036564850305,-0.0454124728319551,-0.48320834270813784,-0.7392157797224584,0.22608041789943248,0.05582690956020724,-0.12105087955212308,-0.6648838014721535,-0.26875117726986547,-0.42724207050613633,-0.0637163748859321,-0.7840972066004448,-0.2767915103613344,-0.8858557089832179,0.0839073314122811,0.16777507736065492,-0.10465413132616741,-0.19296963311434792,0.5615956797199566,-0.6992863498993946,-0.13417605782091926,0.6580673630484807
AI20X,0.4328761010640333,0.546741435075174,0.7424868133593713,-0.9981586461283123,0.9617521163102757,0.18122060770835896,0.8891475943077453,-0.9167418272726775,1.0,0.5850961142641284,-0.7357264441428374,-0.7364735341891047,0.8733166782960966,0.9203283519151961,0.8359919826163689,0.01246499128851206,0.9164268674425878,0.7126749043372795,0.790496648320007,0.5353517702022712,0.9784838634655966,-0.24006125560800054,0.2953316939296848,0.8911566619880362,-0.32569146121025866,0.7122387032872047,0.6779624920793801,-0.06537184950940492,-0.5326518295701764,0.773390551905752,-0.03148844337288859,-0.9919008038548733,-0.3747680788919436,0.982757571836825,0.9320363185217174,0.8747356404168588,0.5542252816661895,-0.2572162843882458,0.7904557699248245,-0.36560286634791633,0.9336132871270997,0.6297621990144782,0.8555005495822063,0.4754515458998089,0.7124870444171013,0.3875915731211381,0.9381274616013093,-0.2906461943337759,0.9955279009030946,0.8372584626328753,0.2543775592108452,-0.16435228165105994,0.8384594511595005,-0.8680347742400373,0.8971836614709426,0.8772607587895913,-0.7199409947575686
AI4,0.4138003208139161,-0.0781690630045435,0.5349269867494342,0.056710844394170734,0.7004625299935605,0.17018541557981132,0.8311722217419965,-0.5782719742166482,0.5850961142641284,1.0,0.16734221036349473,-0.0009700455626952454,0.9927973390664455,0.28100482171815533,0.580000240368197,0.07991047158344337,0.9324902090091752,0.7654440528196154,0.35814664948042796,0.5501175735455477,0.33965196827469585,0.11836808935203995,0.5210409142297254,0.7372447753546518,-0.4863047335502689,-0.05108221202627795,0.6040167211051688,0.2339380978984829,0.23470115733759586,0.16058089166463177,0.0459189008462256,-0.4981637558509221,0.1012545875712592,0.4294726670703262,0.5874294549117393,0.14600508831347017,0.5015110843469998,0.07784023747891514,-0.01515878968221099,-0.007601980756041137,0.31948044029683864,0.20784559678208323,0.49534079003103376,-0.022263319931764863,0.29582501406076495,-0.9831498451247207,0.669509277479589,0.0821889400045569,0.8468237335236769,0.48117771875334414,0.38711256611429545,-0.4253079182879231,0.2908194654396138,-0.5014474671000649,0.2334027182624792,0.2070284410638104,-0.7681256353153321
APOLLO,0.4850427938485081,-0.05033546562087357,0.43927118916260904,0.8256563167278478,-0.2728071491278908,-0.10142209654880549,-0.4520562360903114,0.5652700498683784,-0.7357264441428374,0.16734221036349473,1.0,0.5372553410839156,0.147566332424467,0.6638431379102557,-0.11974926331514733,0.9938795683419862,0.29839551107638584,-0.5477136012738126,0.29614877989447147,0.21695652741407925,0.18864858734728587,0.5555846039393776,0.5906267520569176,-0.3865613713551011,0.06205566358286569,-0.34353412069728373,0.04471392015871506,0.2927395883758069,0.90611323486387,0.46343088061967147,0.8225442887715592,0.8309730172835622,0.9992910199868845,-0.7591762599516692,-0.5389771549255504,-0.16577176274236838,0.5383783245467686,0.6846095298384713,-0.7664404559439705,-0.1728526415858142,-0.2065588012581145,0.8031631382443508,0.03019575766062635,0.5728482666654494,-0.035517242569061226,0.10977837360028377,-0.2801837814272514,0.34832227118346293,-0.29122060840472247,0.9037973353118367,0.18881516480092997,0.14850981163910068,0.3673670580234422,0.661401787951689,-0.670151179149583,0.4390273968331621,0.5527203688270226
AUSBAGWORK,0.5142258232807357,0.6868376189580101,0.5944978100780254,0.9057810154687294,-0.006560534423812658,-0.7754490088294365,0.08441962947321184,-0.2989881460051221,-0.7364735341891047,-0.0009700455626952454,0.5372553410839156,1.0,-0.5207648846964743,0.9239059633380836,-0.914185969598894,-0.923249598926175,-0.623685527377804,0.1760267796080431,0.7462629511577539,-0.44567641014955106,0.5068942132189879,0.903691078675422,0.4476585107341413,-0.08294835822003671,-0.30613525502070793,0.49626135898156504,-0.8683823779432138,-0.8122358304891282,0.5925737581853106,0.7783259136548311,0.8163066205780993,-0.5473268431550472,-0.932120466338868,-0.5656975354141369,-0.8234062637718966,0.5589925150607391,0.3585225079344047,0.5544291217052657,-0.5887701569655184,-0.866421714543765,-0.9647360067555556,0.9056321669035072,-0.18613277435610853,0.9966571770279611,0.6439473458901569,0.29335983376078806,0.013525064184234572,0.9500696845639321,-0.057952007468679456,-0.9945246691888603,0.47350620940970195,0.07808902355553109,0.6144333945394926,0.3188264342101018,-0.7727819407858374,0.7105162428437065,-0.1804014276297547
BAR,0.5687707977558192,-0.279850729588762,0.9259912866462072,-0.6808079957413676,0.7300318369988024,0.7222935184872864,0.6160533126596226,-0.5901033003547279,0.8733166782960966,0.9927973390664455,0.147566332424467,-0.5207648846964743,1.0,0.7521501953737818,0.7893387628601193,0.26214220705365804,0.7371584643680018,0.643697190725007,0.8630983648174219,0.4549234797869394,0.8429631955253997,-0.03849462690485242,0.6732344563852452,0.7625446515185109,-0.35236262452283085,-0.26371764179784973,0.7617437026745746,0.34769817664761293,0.6108008447886722,0.34993978278741233,-0.14268818518782647,-0.46890598127679595,0.25628937805604285,0.7559200400109211,0.9879624002192808,0.15693266478755175,0.6888233468194969,0.14561632980003966,0.3189055743320866,0.42275632780797845,0.598164279290341,0.4888088934459131,0.5677015960466445,0.020954328053674125,0.37902780826902505,0.06896861524927156,0.6503295054761089,-0.24906058406848303,0.8415060100378257,0.5928785798460985,0.39942217301541777,-0.33872337580535394,0.7594846220960761,-0.6132167978721669,0.6857925074149128,0.5611640577395317,-0.645143655987818
BLUB,0.9110853468322391,0.7753692161477018,0.923524997939901,0.9365695737573683,0.8011278359535091,-0.7877882766528808,0.6314231306634104,-0.9426738332922294,0.9203283519151961,0.28100482171815533,0.6638431379102557,0.9239059633380836,0.7521501953737818,1.0,0.1755651066552338,-0.3711344821265313,0.46342473271443874,0.9533305195148646,0.9984174870174383,0.34809596325677,0.9659738548968153,0.9754344362293218,0.8014563582480729,0.999999995665772,-0.5665158900322985,0.7879873478507379,0.14015350783609792,-0.39835223023227817,-0.011377424825498233,0.9637423226216759,0.8945850886882908,-0.9246299336360725,-0.4359724593076227,0.8092878094564531,0.6733872604063651,0.8979267488381154,0.6975342200863405,0.6937066671397532,-0.47528014669983226,-0.9155893617914193,-0.1382465332369631,0.9720065647137452,0.4442471366980526,0.8187371652396597,0.8720841639401476,-0.009130629053472906,0.6499148711975599,0.894241143070216,0.884147164425774,-0.04914613381667983,0.9290771051119053,-0.8491399258354375,0.9518690067153409,-0.2158431527632218,0.7870656228616427,0.9563225102936249,-0.9531679192120853
BULLCOIN,0.44323316962755643,-0.33577551432010505,0.7476663891806777,-0.08776993245871566,0.25833327957949065,0.4364493473239691,0.26671168946671064,0.013441274494769414,0.8359919826163689,0.580000240368197,-0.11974926331514733,-0.914185969598894,0.7893387628601193,0.1755651066552338,1.0,0.7228146116997706,0.8308100040310696,0.19702334724002332,0.9873704960877874,0.6002961025748174,0.8136183863354819,-0.5720267119466739,0.5253111039868124,0.28745423389743285,-0.805422369758123,-0.057223102354485744,0.9854890693820577,0.8236865244494508,-0.331975723622263,0.8361735282152741,0.031540290372619004,0.20425223412603805,0.7325481214533116,0.5518660112038009,0.8759129637981294,0.1165641485350964,0.8362700866451179,-0.6448520276259002,0.10016068746505669,0.5826224678837897,0.9227204030017806,0.9217783800989774,0.29467099627900273,-0.9683021736398396,0.11875776567591109,-0.6246423816237356,0.22912164934975845,-0.7598021191901483,0.3692447462211903,0.9315884829730864,0.47228285323478675,-0.25421269131636537,0.9365071686537826,-0.6202678809942057,0.6628850394570424,0.8245984661490298,-0.19365120063198618
Bagwork,0.3266921080482838,-0.780737652272953,0.31883805868800086,0.6151487294469816,0.04045190414792728,0.7741487539219111,0.2588726290865643,0.40645571679500403,0.01246499128851206,0.07991047158344337,0.9938795683419862,-0.923249598926175,0.26214220705365804,-0.3711344821265313,0.7228146116997706,1.0,0.5741865905352004,-0.46887842304420596,-0.08343836457705164,0.5937199243706757,0.3152346742909707,0.2756878370870956,0.4511208929834178,-0.4587843546288567,0.3957494428506632,-0.9936240579833427,0.7295885559904881,0.9766558914695779,0.5897427290448264,0.927206366329884,0.32912773421646,0.5185144301579427,0.9749746789964752,0.05659138475821474,0.24989495047341076,-0.8812067101120656,0.7611335538041265,0.10160087709118365,0.02823391925385789,0.9019454154835411,0.8239242776767427,0.6906484166820813,0.34311066215890823,0.22236461419897124,0.03943762836166235,0.5356583474537001,0.18363853301424474,-0.8428391700338493,0.014684309997316134,0.926626481666285,0.1545001618874394,0.07547573753674955,0.6572027967491076,-0.34701753317063266,0.09888885896837765,0.7865042788543025,0.47922315422754136
CHARLIE,0.7465795846959241,-0.24689038990298323,0.9902474889293692,-0.5778960752705806,0.79126396777354,0.9060679046373377,0.9172741213378448,-0.45766224098668534,0.9164268674425878,0.9324902090091752,0.29839551107638584,-0.623685527377804,0.7371584643680018,0.46342473271443874,0.8308100040310696,0.5741865905352004,1.0,0.21681318773398095,0.7494065507836388,0.8161494345914112,0.946565059882378,0.4090244639905975,0.5281050857538366,0.7185587947579358,0.37025151383703403,-0.3864324939160137,0.5924830742145322,0.4790006319607222,0.786356934545348,0.5224964568073089,0.10095740228097148,-0.3826625726896352,0.4635108185817131,0.8365752437936457,0.9462279853209294,0.1049208299247987,0.8174684761554308,0.6738114054501575,0.6917769652922389,0.5152584605374634,0.7427517929121328,0.9074892656401894,0.8626336915039948,0.6303008475464377,0.6629823889940647,0.7170251975999672,0.8798049567179176,-0.37130463382629386,0.7958712804011898,0.7515742157316507,0.2107647858366222,-0.11781848867370157,0.6252652068593284,-0.9436483230566444,0.8143769525432561,0.7124512038281551,-0.21395273070093423
CRND,-0.05436397951556836,0.04107852931015453,0.4022282269574466,-0.8897075903659375,0.4467350246263754,-0.021250170626017657,0.3807953922212013,-0.6432555178413696,0.7126749043372795,0.7654440528196154,-0.5477136012738126,0.1760267796080431,0.643697190725007,0.9533305195148646,0.19702334724002332,-0.46887842304420596,0.21681318773398095,1.0,0.9594960654026587,0.17453036635995642,0.27454844837687037,0.074200477833773,-0.01283803199440466,0.7798215557637788,-0.5312319560036197,0.4161668929830598,0.10292219036338575,-0.3674137596732404,-0.1204283767041781,-0.4223896905229852,-0.6666268467334157,-0.821640533699875,-0.5097981406970932,0.5213755844030477,0.6641601951546826,0.5354695007531325,-0.04569414425683899,0.07735923584424939,0.10838929038803895,-0.39368857106337024,-0.16103741183736173,0.046730228083838185,0.06568999996924677,-0.06415522261506341,0.5002875212281552,-0.24945192079004655,0.3206800335228383,0.5594757037056634,0.6281310325659315,-0.18470207392088828,0.5676503905848975,-0.6649305565210384,0.025246479787638203,-0.3154408404049602,0.20205920804036498,-0.26589815595814387,-0.9996894251520686
DARE,0.76315105541501,0.737098124277629,0.9276159226006031,0.928197050395031,0.36378626716346435,-0.8887699411779794,0.7192940962582257,-0.3655335719180655,0.790496648320007,0.35814664948042796,0.29614877989447147,0.7462629511577539,0.8630983648174219,0.9984174870174383,0.9873704960877874,-0.08343836457705164,0.7494065507836388,0.9594960654026587,1.0,0.8472685009922759,0.9577342355711229,0.9015854999899638,0.748584777681613,0.5786194709679824,-0.9131042453478088,0.7688404067828437,0.931886283225211,0.5562194259187553,-0.6099762607487418,0.950372300303475,0.8262150612409564,-0.751807814048656,-0.2754167432644248,0.7391876023678541,0.9551701326590818,0.8453485174231636,0.926324446308508,-0.19990807723036588,-0.5001182147331128,-0.9650029370326628,0.789000041250434,0.9745104708216143,0.03212828317310934,0.9043903648767702,0.9567631629807031,-0.9134026725322368,0.3238250234167513,0.8778836583501931,0.6059552648854181,0.9799240264355177,0.8574805552841341,-0.7146530148771502,0.9789603201206808,-0.3102151275214101,0.6096550954087748,0.9546168018277473,-0.951818423358638
DETECTIVE,-0.319442166038171,-0.8223896653125646,0.22048817646187888,-0.09327537464718515,0.37811299196633025,0.635589576651145,0.7969223113251727,-0.054441774209566605,0.5353517702022712,0.5501175735455477,0.21695652741407925,-0.44567641014955106,0.4549234797869394,0.34809596325677,0.6002961025748174,0.5937199243706757,0.8161494345914112,0.17453036635995642,0.8472685009922759,1.0,0.03834599563225379,0.8314329837190236,0.018026451698588977,-0.00046903236634644285,0.5331697929187997,-0.35876006258598847,0.40842801899782466,0.3311241511233321,-0.09091049863794208,0.12568527258560486,-0.7575855751900825,-0.2777883143294577,0.4155314268103865,0.5036115513877262,0.609049847735115,-0.4520943191861079,0.25397555394828014,0.6430961902920567,0.3829250618160649,0.3131419114950951,0.2173061789225288,0.9667771221067382,0.4720335374908011,0.7108521563609441,0.8191220305643812,0.8044974780289961,0.5520740564266553,-0.13107200745095948,0.44740445570951115,0.6094208210005696,0.5800188701139684,-0.9153535633970192,0.2595325717354152,-0.8298585779650199,-0.2730573811768402,0.3574404120276564,-0.15843421206015018
DREAM,0.8525348360691349,0.752375104738055,0.9389812663092901,0.8879025967016506,0.7918122811052141,-0.7251790931220037,0.6100379214316091,-0.5578326272213723,0.9784838634655966,0.33965196827469585,0.18864858734728587,0.5068942132189879,0.8429631955253997,0.9659738548968153,0.8136183863354819,0.3152346742909707,0.946565059882378,0.27454844837687037,0.9577342355711229,0.03834599563225379,1.0,0.7484858650205903,0.788715081698124,0.5855401915101389,-0.9258589580872586,0.7179123969969852,0.7557252527253616,0.5216369526920651,-0.5390258072343004,0.9049022550128408,0.9101072204622422,-0.1483489408923767,0.3899768159504115,0.8878541923676869,0.9058534050220259,0.8631586181758876,0.8558704286675797,-0.2753614794803758,-0.2658767093772285,-0.7406927754758773,0.8905849914970084,0.9334906837607104,0.8586178421168584,0.8024280595777002,0.7703187682413696,-0.6754843388410451,0.782393756739968,0.4556192819454182,0.7679874236456059,0.680693041981175,0.6733036233793633,0.09453712604638448,0.976225735841237,-0.4365629735025505,0.9619274008138728,0.9436658429706919,-0.28749120008817647
ELIZABETH,0.6439405024841202,0.6679803920001245,0.7930801950711056,0.9831677288086769,0.007450038613289766,-0.69794527497003,0.5481504885172567,0.16734700615504838,-0.24006125560800054,0.11836808935203995,0.5555846039393776,0.903691078675422,-0.03849462690485242,0.9754344362293218,-0.5720267119466739,0.2756878370870956,0.4090244639905975,0.074200477833773,0.9015854999899638,0.8314329837190236,0.7484858650205903,1.0,0.6205309945820208,-0.42069480187593694,-0.29019759440985277,0.5711906454472268,-0.327682800823912,-0.4126175342489773,0.5820298273755038,0.9518388125319887,0.8570908921984213,-0.2556451217215473,0.06353481373281653,-0.354615332611167,-0.679190720626876,0.6550554644102313,0.640846994333034,0.3950952617109893,-0.4565222689751683,-0.8545549523998621,-0.800426542178429,0.9888667457793904,0.09315414924491171,0.8757263794082119,0.7909577531852048,0.7494944240704555,0.21813511386132234,0.8333160499487651,0.06940587949232715,0.1379769991187395,0.7443243945425446,-0.4388494562141201,0.8458637419615019,-0.17254431637799464,-0.9595723760993402,0.9081506625425181,-0.05455947830283633
FARTLESS,0.9774366327280931,0.4566032342260682,0.9107946935245733,0.672436726238684,0.5867388658218011,-0.24556801311791007,0.2498484123038025,-0.37732356824689056,0.2953316939296848,0.5210409142297254,0.5906267520569176,0.4476585107341413,0.6732344563852452,0.8014563582480729,0.5253111039868124,0.4511208929834178,0.5281050857538366,-0.01283803199440466,0.748584777681613,0.018026451698588977,0.788715081698124,0.6205309945820208,1.0,0.4224077654307013,-0.4053344182789356,0.20466891417572788,0.6306826086375693,0.5778811745125315,0.4229317419494025,0.736092000758131,0.8188515090286952,0.08745121530964729,0.5563160621924274,0.261167828279973,0.30652781871119167,0.47802117672407546,0.9375336456122458,0.2149340386208912,-0.17155658427680698,-0.396088346611736,0.5556622732016139,0.7291304987863214,0.6362053262122772,0.4961671278204232,0.3909797269490338,-0.018914439180634603,0.4965546664062487,0.2894476319589226,0.5350502325301331,0.6929538379776073,0.3627913472395069,0.4037351702120134,0.8135400836767107,-0.2378878290250177,0.33542509587320496,0.8027250509111129,0.00032341034711025644
FARTWORM,0.5001770140058528,0.4280575894113927,0.7000531269254068,-0.9656648581727043,0.9593830070080294,0.21378186661276505,0.9807367497227717,-0.9644139039123206,0.8911566619880362,0.7372447753546518,-0.3865613713551011,-0.08294835822003671,0.7625446515185109,0.999999995665772,0.28745423389743285,-0.4587843546288567,0.7185587947579358,0.7798215557637788,0.5786194709679824,-0.00046903236634644285,0.5855401915101389,-0.42069480187593694,0.4224077654307013,1.0,-0.6146037888968141,0.37631357171885893,0.24385198223271473,-0.19529712915131134,-0.08703940468702599,-0.05736910152360822,-0.05595198712264727,-0.8265993426526921,-0.401015318271412,0.7798883803807843,0.5769890294532604,0.6459521758639729,0.23550501303112667,-0.08505978965854837,0.6972034741914235,-0.1774014119503915,0.20571217031340433,0.10329382661072517,0.7443578349036244,0.02000227257786957,0.5154222880646345,-0.8186963466818931,0.950413557374908,0.09547501597301969,0.9883140666322235,-0.02384033309109195,0.05822065569971,-0.08148837415187872,0.37599654311898173,-0.7637557803415347,0.5341053343573616,0.23324209124927012,-0.7938765833139267
FLY,-0.6525543180827124,-0.6133701738533197,-0.8373811282637601,-0.7347793513232649,0.09210392443289905,0.6531038467419854,0.4475232143418843,0.16215571557707154,-0.32569146121025866,-0.4863047335502689,0.06205566358286569,-0.30613525502070793,-0.35236262452283085,-0.5665158900322985,-0.805422369758123,0.3957494428506632,0.37025151383703403,-0.5312319560036197,-0.9131042453478088,0.5331697929187997,-0.9258589580872586,-0.29019759440985277,-0.4053344182789356,-0.6146037888968141,1.0,-0.7386894379067431,-0.42503194205050154,-0.352598796699573,0.6598435270250191,-0.7490120446526908,-0.6591478471803697,0.05990938876569392,0.2382023754893113,-0.3493769254322048,-0.991026150710897,-0.8361839523899861,-0.7365750406295708,0.6140153690181885,0.3499869232244271,0.5428839554966873,-0.7328399038201107,-0.4447701870821338,0.3946123728894435,0.005387038630025127,-0.25828649726624975,0.9066874781912317,0.32714206994399647,-0.2569550534781975,-0.04247510648110729,0.18746418623660574,-0.5636386284713538,0.3681309547927299,-0.6385397959335435,-0.02601552954540328,-0.839799404006974,-0.5319340920102689,0.5381624550330438
HAROLD,0.371850599212234,0.890742923150604,0.5155206819059481,0.6820521365509575,0.23686973946671233,-0.8632856960173119,0.3575767513399321,-0.5305417672078473,0.7122387032872047,-0.05108221202627795,-0.34353412069728373,0.49626135898156504,-0.26371764179784973,0.7879873478507379,-0.057223102354485744,-0.9936240579833427,-0.3864324939160137,0.4161668929830598,0.7688404067828437,-0.35876006258598847,0.7179123969969852,0.5711906454472268,0.20466891417572788,0.37631357171885893,-0.7386894379067431,1.0,-0.21761173414001556,-0.4468179831653926,-0.8359748622750125,0.6469536515057949,0.5958686824472761,-0.7559014236615896,-0.9919706058914362,0.6885714884164077,0.3918805442263136,0.9541570198437151,0.25573825803664707,-0.3787372148020808,0.02711899742386803,-0.8436221908814048,0.050520026845134146,0.7045333112835767,-0.012160579097070544,0.896140104994882,0.8618005543698589,0.023884549943566206,0.2508295588853418,0.5807029921256972,0.2142842580863853,-0.9413203052491803,0.5450651007610774,-0.0714935779177489,0.6450279863133183,-0.5031882970771042,0.5756226977102274,0.6377373964369981,-0.4228540581083026
HOODIE,0.5216873046861137,-0.42787706680864135,0.7858534858237385,-0.033550813631219846,0.29545997918801503,0.49057134738045083,0.2561053091743846,0.00681933612108271,0.6779624920793801,0.6040167211051688,0.04471392015871506,-0.8683823779432138,0.7617437026745746,0.14015350783609792,0.9854890693820577,0.7295885559904881,0.5924830742145322,0.10292219036338575,0.931886283225211,0.40842801899782466,0.7557252527253616,-0.327682800823912,0.6306826086375693,0.24385198223271473,-0.42503194205050154,-0.21761173414001556,1.0,0.8788022261004929,-0.17758027361572817,0.8666851265079866,0.11250211708079437,0.20453201982822386,0.7794763466321109,0.44674933174396186,0.7928038890383959,-0.020389796831218016,0.9104723100113055,-0.4066812129894271,0.06331096885370587,0.6958727121864459,0.9051361868365649,0.4792257013243782,0.3436476406240705,-0.19560754852035678,0.04181289908544984,0.057805115684931706,0.2729899743903195,-0.7806685565061515,0.3720716763959787,0.8968475972510105,0.40345612199044556,-0.19303418927555774,0.918663344180122,-0.3954475630036183,0.5755170455063017,0.8259202832687819,-0.09894411996763548
Hosico,0.46303747821088503,-0.5472480178374722,0.5239652452986923,0.43752326991938456,-0.12377178513252618,0.5734700796496918,-0.2658053360194574,0.43051727176457566,-0.06537184950940492,0.2339380978984829,0.2927395883758069,-0.8122358304891282,0.34769817664761293,-0.39835223023227817,0.8236865244494508,0.9766558914695779,0.4790006319607222,-0.3674137596732404,0.5562194259187553,0.3311241511233321,0.5216369526920651,-0.4126175342489773,0.5778811745125315,-0.19529712915131134,-0.352598796699573,-0.4468179831653926,0.8788022261004929,1.0,-0.05280620194884692,0.95559270885403,0.3540008266715421,0.6990397399760284,0.9853417705995668,0.0843901430379047,0.4691712659225701,-0.3210943926232265,0.8742708821960801,-0.4329615834460461,-0.21384480268410522,0.8802561490933677,0.8429108260615003,0.7095439543642418,0.12389590391915473,-0.9382406154502415,-0.4230889054277116,-0.09870580667486219,-0.1375922023899129,-0.9033032445946496,-0.10897394861832585,0.9714836330672229,0.16576433174656427,0.05647209066673218,0.7839102242047833,-0.11775915958269696,0.3661229490528575,0.8321609628360108,0.37190079957175926
IDIOT,0.2847329491166229,-0.4476668990707775,0.12650185785379414,-0.09879847754979315,0.5413296256710267,0.6805888946908768,0.2481812896076519,-0.24861390641044648,-0.5326518295701764,0.23470115733759586,0.90611323486387,0.5925737581853106,0.6108008447886722,-0.011377424825498233,-0.331975723622263,0.5897427290448264,0.786356934545348,-0.1204283767041781,-0.6099762607487418,-0.09091049863794208,-0.5390258072343004,0.5820298273755038,0.4229317419494025,-0.08703940468702599,0.6598435270250191,-0.8359748622750125,-0.17758027361572817,-0.05280620194884692,1.0,-0.21719667500809522,0.6568239543411587,0.24248456190045434,0.6651252030400974,-0.6467733523998898,-0.6022409712312777,-0.7275634346133877,0.15805590419717933,0.9185442417760321,-0.47286895454358713,0.41018216511468564,-0.4373407959915421,0.4213702789275776,0.7695692432355413,-0.7054342162931309,-0.5933914756653574,-0.36077592665310665,0.5398756158897619,0.29126450133217363,0.4590692401333543,0.8221938252172875,-0.34859326740745233,0.17790242252931313,-0.3792019766240317,0.6642240473308658,-0.6967824903653019,-0.22797235742283659,0.10866165440409027
LION,0.7909733860696023,0.74269128892859,0.8983389173086969,0.9905215716616599,0.02295883825798567,-0.854267594526256,-0.2135444856875231,0.2965962178669039,0.773390551905752,0.16058089166463177,0.46343088061967147,0.7783259136548311,0.34993978278741233,0.9637423226216759,0.8361735282152741,0.927206366329884,0.5224964568073089,-0.4223896905229852,0.950372300303475,0.12568527258560486,0.9049022550128408,0.9518388125319887,0.736092000758131,-0.05736910152360822,-0.7490120446526908,0.6469536515057949,0.8666851265079866,0.95559270885403,-0.21719667500809522,1.0,0.9344846147155449,0.6723160767265851,0.9600331563636523,0.3002958796369267,0.5688991183497893,0.7650506900756493,0.7923187179352196,0.03699103074911089,-0.5878851878009967,-0.8712257293525278,0.9399894657861035,0.996803215065231,0.32108645271496533,0.9183592204163151,0.7748921403686423,-0.07291447730229919,0.016792691833337803,0.7005713791360114,-0.01946462880388707,0.9574828107985521,0.7232912986583232,0.22671209616040872,0.9676647352738341,-0.046524351773278044,0.5946802997458016,0.9918477200340508,0.4214037225355007
MOCHI,0.8804969793849704,0.7878085838688089,0.8439756227290025,0.9243349765232199,0.22630701556961252,-0.7432793384724946,-0.2418167683618104,-0.05291087792778797,-0.03148844337288859,0.0459189008462256,0.8225442887715592,0.8163066205780993,-0.14268818518782647,0.8945850886882908,0.031540290372619004,0.32912773421646,0.10095740228097148,-0.6666268467334157,0.8262150612409564,-0.7575855751900825,0.9101072204622422,0.8570908921984213,0.8188515090286952,-0.05595198712264727,-0.6591478471803697,0.5958686824472761,0.11250211708079437,0.3540008266715421,0.6568239543411587,0.9344846147155449,1.0,0.458614061941761,0.4146993135867259,0.04929818153661619,-0.21497783585173635,0.767722831785309,0.7755982381847425,0.7507518581100345,-0.5267332184198066,-0.7468882688847897,0.45984775457955335,0.9061053985951937,0.6174807119227962,0.8588994228440093,0.5458789577787304,0.37868725867470476,0.25732088921328405,0.6136344230606441,-0.02493164741110682,0.31743955057321516,0.4059056336999044,0.9551535197288702,0.9248764631963764,0.263524719276603,0.5722251655581995,0.9522486348373738,0.6500347491312637
MOON,0.04134455020402827,-0.5016177402711897,-0.20661096424503525,0.9397185634032262,-0.6921686869254092,-0.02433748713239485,-0.6673567239670819,0.8500616330352523,-0.9919008038548733,-0.4981637558509221,0.8309730172835622,-0.5473268431550472,-0.46890598127679595,-0.9246299336360725,0.20425223412603805,0.5185144301579427,-0.3826625726896352,-0.821640533699875,-0.751807814048656,-0.2777883143294577,-0.1483489408923767,-0.2556451217215473,0.08745121530964729,-0.8265993426526921,0.05990938876569392,-0.7559014236615896,0.20453201982822386,0.6990397399760284,0.24248456190045434,0.6723160767265851,0.458614061941761,1.0,0.6285496452656282,-0.7535253905255132,-0.34256572684901504,-0.8605879860045611,0.32739229115713564,-0.5737789795285869,-0.5921121923439171,0.5300297416537909,0.4370816732109595,-0.21661853501421424,-0.4066984499754513,-0.41817282227054026,-0.7349696030195791,-0.15724498303370077,-0.6407066041230148,-0.6452908393442801,-0.7652326728582548,0.27403257244739415,-0.22922845048424784,0.3394073686026053,0.15817005533484957,0.5955987607269041,-0.23743083172264215,0.23887199023182018,0.8256961360906948
Noxi,0.4211083523794331,-0.7202987754168746,0.37881795948903674,0.578816133751564,-0.015819687632741965,0.742483665138934,0.10034115104710965,0.433641860188121,-0.3747680788919436,0.1012545875712592,0.9992910199868845,-0.932120466338868,0.25628937805604285,-0.4359724593076227,0.7325481214533116,0.9749746789964752,0.4635108185817131,-0.5097981406970932,-0.2754167432644248,0.4155314268103865,0.3899768159504115,0.06353481373281653,0.5563160621924274,-0.401015318271412,0.2382023754893113,-0.9919706058914362,0.7794763466321109,0.9853417705995668,0.6651252030400974,0.9600331563636523,0.4146993135867259,0.6285496452656282,1.0,-0.029749942085460213,0.26690199618653143,-0.8294843173527902,0.8047864411597843,-0.08223778923268397,-0.07745455766570426,0.961181210724806,0.8653134744416184,0.5316894317462723,0.2773207390500028,0.02461656135271494,-0.16648877094763093,0.3564553121382281,0.08502472382135923,-0.9288986597732867,-0.04856163691959883,0.9174265452791984,0.06324087502004978,0.15827632782256673,0.7325488461033294,-0.1897068548042394,0.19356021876793786,0.8215915194475584,0.5170194347588651
PILL,0.3812536580469803,0.5464956838619817,0.5746114888811543,-0.9293586045126246,0.984981385392483,0.13422382449405265,0.9050594105788793,-0.8685138428413872,0.982757571836825,0.4294726670703262,-0.7591762599516692,-0.5656975354141369,0.7559200400109211,0.8092878094564531,0.5518660112038009,0.05659138475821474,0.8365752437936457,0.5213755844030477,0.7391876023678541,0.5036115513877262,0.8878541923676869,-0.354615332611167,0.261167828279973,0.7798883803807843,-0.3493769254322048,0.6885714884164077,0.44674933174396186,0.0843901430379047,-0.6467733523998898,0.3002958796369267,0.04929818153661619,-0.7535253905255132,-0.029749942085460213,1.0,0.8562823126992717,0.8764368360652618,0.2771422360967772,-0.3847300321941613,0.8252388190197161,-0.06085512927970756,0.5962077700896108,0.589344539911722,0.8835903013600458,0.5440469179839057,0.6192101759417635,0.45847623955049854,0.9735061849437798,-0.3164949654992953,0.9838989106645525,0.3467506931175037,0.18201763439510857,-0.03657944627535715,0.6480945746287683,-0.8550328856554499,0.9202365036934053,0.5694959364338797,-0.5283970626080171
Pochita,0.3156705797521959,0.05288623672523471,0.6821081432018901,-0.5907319862696985,0.6075808628638131,0.10688194393500355,0.7231945723265166,-0.44343507018549505,0.9320363185217174,0.5874294549117393,-0.5389771549255504,-0.8234062637718966,0.9879624002192808,0.6733872604063651,0.8759129637981294,0.24989495047341076,0.9462279853209294,0.6641601951546826,0.9551701326590818,0.609049847735115,0.9058534050220259,-0.679190720626876,0.30652781871119167,0.5769890294532604,-0.991026150710897,0.3918805442263136,0.7928038890383959,0.4691712659225701,-0.6022409712312777,0.5688991183497893,-0.21497783585173635,-0.34256572684901504,0.26690199618653143,0.8562823126992717,1.0,0.5496084544155785,0.5532074921560486,-0.7675550499242593,0.44000083934701334,0.1463244108500404,0.8049477958559159,0.8102099299287919,0.4483769908542555,-0.693757176889565,0.5213576851255934,-0.9417798266371908,0.5748487858316871,-0.5223182287381753,0.7576360845421466,0.6180808380838242,0.5218866926400706,-0.3355034098973544,0.8567638688179995,-0.914822512263901,0.8387998250139574,0.6597603919394242,-0.6648992764554643
