symbol,$CrepSol,1,1Bull,1cat,1dog,1nu,67,7,AI20X,AI4,APOLLO,AUSBAGWORK,BAR,BLUB,BULLCOIN,Bagwork,CHARLIE,CRND,DARE,DETECTIVE,DREAM,ELIZABETH,FARTLESS,FARTWORM,FLY,HAROLD,HOODIE,Hosico,IDIOT,LION,MOCHI,MOON,Noxi,ORE,PILL,Pochita,RAGEGUY,RUECAT,RWA,SHITTER,SOL,SUPRACOIN,Streamless,T-2049,USDUT,USEFUL,Useless,VIBECODER,XBT,YAO,early,gib,grandma,obvious,pibble,viewer,wSOL,walkusa
$CrepSol,1.0,0.6027521860109039,0.9219988166875078,0.7170965609306972,0.7182909540919427,-0.4443239953137801,0.3832569545911868,0.6448397941988551,0.4328761010640333,0.4340222970394484,0.014773174152245851,-0.3206246307670107,0.5687707977558192,0.9110853468322391,0.44323316962755643,0.3266921080482838,0.7465795846959241,-0.05436397951556836,0.76315105541501,-0.319442166038171,0.852649170717323,0.6427145512664063,0.9774843065114563,0.5001770140058528,-0.6525543180827124,0.4321573712094515,0.5216873046861137,0.46303747821088503,0.2847329491166229,0.7900546558082244,0.8859873851301296,0.04134455020402827,0.4211083523794331,0.8407631506531354,0.3812536580469803,0.3156705797521959,0.6296668005284828,0.9013092717927068,0.23127239532485475,-0.2051046223905074,-0.5049590571926438,0.5585575195398954,0.7564359998103433,0.9245135910746667,0.6140287382075951,0.4019719656025248,-0.3520980148286635,0.7253133614251163,0.3433171672741486,0.746395426239446,0.604625452530666,0.3281905297515134,0.5712404741129932,0.8529662195392864,-0.1394564365255881,0.4801024137098228,0.8443136935243809,0.03687654025337933
1,0.6027521860109039,1.0,0.5990489896578476,0.6824633835335496,0.4487799644097806,-0.8145112150982551,0.27011429524991537,0.5968106638719094,0.546741435075174,-0.07255792102959999,-0.6044493035706996,0.13646020754009303,-0.279850729588762,0.7361105845937416,-0.33577551432010505,-0.780737652272953,-0.24689038990298323,0.04107852931015453,0.7023306925893286,-0.8223896653125646,0.7284776423919627,0.628689487827083,0.428478691560316,0.4280575894113927,-0.5923947221466028,0.9034624304077217,-0.42787706680864135,-0.5472480178374722,-0.4476668990707775,0.7081099792486504,0.7548627294648532,-0.5016177402711897,-0.7202987754168746,0.8551960358478208,0.5464956838619817,0.05288623672523471,0.9295788239609429,0.35123360642570906,0.0669829656918311,0.05648579281956323,-0.8396885295415144,-0.09126518761033826,0.6845399144276427,0.44002670217439505,0.8695377242088425,0.6909356097168535,0.19487520643681094,0.48101089502671546,0.6241866938798518,0.5655313234969515,-0.7022569328720645,0.2980781701489925,0.4824357388734928,0.6758827402219602,-0.2382061266299953,0.4774993267842782,0.7088754190447464,-0.059126177981368995
1Bull,0.9219988166875078,0.5990489896578476,1.0,0.8246960893384316,0.7654085467913425,-0.6117941091388591,0.6668040468832376,0.7740418140147037,0.7424868133593713,0.5558937738896529,-0.11823093068032842,-0.5018958329468589,0.9259912866462072,0.924741178349957,0.7476663891806777,0.31883805868800086,0.9902474889293692,0.4022282269574466,0.9282824388552328,0.22048817646187888,0.9400112803928272,0.7940187483668641,0.9102385142144153,0.7000531269254068,-0.8372885993383172,0.5795388035877329,0.7858534858237385,0.5239652452986923,0.12650185785379414,0.8991996367510722,0.8341116594784576,-0.20661096424503525,0.37881795948903674,0.9537471892766565,0.5746114888811543,0.6821081432018901,0.7329415165063544,0.9267231242350534,0.18975716536093534,-0.3857667743569205,-0.6757136746418799,0.6658407016894289,0.8889621504409597,0.7677004088046034,0.7186307664677186,0.6765017425647475,-0.7864863217044087,0.7482279206017103,0.5231426173432274,0.815592968056648,0.6998912671985069,0.6619795450798693,0.01201250431854849,0.9521038900759611,-0.22250600768847328,0.5500737367520516,0.9307587192660234,-0.41186321113773666
1cat,0.7170965609306972,0.6824633835335496,0.8246960893384316,1.0,-0.8584673383696976,-0.8966790283023747,-0.9830919812219043,0.9911360622935119,-0.9981586461283123,0.08487815168100615,0.05815266573572203,-0.2654172578875058,-0.6808079957413676,0.9365695737573683,-0.08776993245871566,0.6151487294469816,-0.5778960752705806,-0.8897075903659375,0.928197050395031,-0.09327537464718515,0.8903535038817832,0.9830027577936694,0.6727490936050567,-0.9656648581727043,-0.7347793513232649,0.7540854865960892,-0.033550813631219846,0.43752326991938456,-0.09879847754979315,0.9906370158492804,0.9079695850538698,0.9397185634032262,0.578816133751564,0.9707111657913705,-0.9293586045126246,-0.5907319862696985,0.7786857832836651,0.722306393754919,0.8854657369651694,-0.7639651304024346,-0.869725134176837,0.10812174849465513,0.9868527033991953,-0.5553156683192717,0.9306204909861766,0.7090877282153557,0.8094983087114793,-0.8464110279618261,0.7852219317059229,0.45237073315524956,0.21195359919724122,0.6889418909656755,0.2506605981898428,0.9425522039306626,0.4394568195264134,-0.5291768446223527,0.9733873741397272,0.9002171070714277
1dog,0.7182909540919427,0.4487799644097806,0.7654085467913425,-0.8584673383696976,1.0,0.6491378376763088,0.8365879316149217,-0.8931977120339148,0.9617521163102757,0.7004625299935605,-0.2728071491278908,-0.006560534423812658,0.7300318369988024,0.8011278359535091,0.25833327957949065,0.04045190414792728,0.79126396777354,0.4467350246263754,0.36378626716346435,0.37811299196633025,0.7918122811052141,0.007450038613289766,0.5867388658218011,0.9593830070080294,0.09210392443289905,0.23686973946671233,0.29545997918801503,-0.12377178513252618,0.5413296256710267,0.02295883825798567,0.22630701556961252,-0.6921686869254092,-0.015819687632741965,0.3368988542373797,0.984981385392483,0.6075808628638131,0.7162910475781444,0.3570099268639476,0.6431924007734214,0.86527043848137,0.16182543907786232,0.26367267190969135,0.4984017228833646,0.9131548444953729,0.47400807199708966,0.5298589762277373,0.3936325317886371,0.9671514935334949,-0.08137369333242897,0.9694594258372985,0.34021054060242567,-0.12640530142723286,0.18964381721532733,0.4819900063298327,-0.8141003193790689,0.8829483876742749,0.5102214775047175,-0.4574885229328708
1nu,-0.4443239953137801,-0.8145112150982551,-0.6117941091388591,-0.8966790283023747,0.6491378376763088,1.0,0.668081047228397,-0.8363630390952201,0.18122060770835896,0.13577547114119956,0.4904178564451718,-0.15163748174778893,0.7222935184872864,-0.7965017980889514,0.4364493473239691,0.7741487539219111,0.9060679046373377,-0.021250170626017657,-0.8927260229439073,0.635589576651145,-0.7343547320930432,-0.7068615930250663,-0.2589410772157077,0.21378186661276505,0.652815283732462,-0.8953936367946012,0.49057134738045083,0.5734700796496918,0.6805888946908768,-0.8614349477814022,-0.7267294606695004,-0.02433748713239485,0.742483665138934,-0.8451064173875321,0.13422382449405265,0.10688194393500355,-0.8383343902897498,-0.40537949524722583,0.03509931366310898,0.49506665450988124,0.9384842814145591,0.343873800982818,-0.732960199898751,0.79474531371946,-0.5373297425877661,-0.5020405946033456,0.5452850618968272,0.7089344436200794,-0.7436340453356038,-0.19283202848355593,0.934503779843292,-0.6186062286561693,0.15908956601095858,-0.701808270164312,-0.1847890862228192,-0.04276344380468499,-0.7200100435631447,0.021710381746432455
67,0.3832569545911868,0.27011429524991537,0.6668040468832376,-0.9830919812219043,0.8365879316149217,0.668081047228397,1.0,-0.6213076423909765,0.8891475943077453,0.8311722217419965,-0.4520562360903114,0.08441962947321184,0.6160533126596226,0.6314231306634104,0.26671168946671064,0.2588726290865643,0.9172741213378448,0.3807953922212013,0.7192940962582257,0.7969223113251727,0.6100379214316091,0.5481504885172567,0.2498484123038025,0.9807367497227717,0.4475232143418843,0.3575767513399321,0.2561053091743846,-0.2658053360194574,0.2481812896076519,-0.2135444856875231,-0.2418167683618104,-0.6673567239670819,0.10034115104710965,-0.04636178216782388,0.9050594105788793,0.7231945723265166,0.6996308673447723,0.18700352776901613,0.8637766699304423,0.8216953812456855,0.13592857132491845,0.06960428837724943,0.8417402675982105,0.8300965955701957,0.7964917082614605,0.8674456915703642,0.7536483454500955,0.928955749602623,0.006787748952329584,0.8446430005557464,0.43261242927716703,0.212717392490266,-0.2647619136646721,0.2976927859990827,-0.9956278046914541,0.6187624104055576,0.40576791423868497,-0.3785324956017352
7,0.6448397941988551,0.5968106638719094,0.7740418140147037,0.9911360622935119,-0.8931977120339148,-0.8363630390952201,-0.6213076423909765,1.0,-0.9167418272726775,0.0366882654804536,0.11649605302634623,-0.2989881460051221,-0.5901033003547279,0.9066090012850896,0.013441274494769414,0.40645571679500403,-0.45766224098668534,-0.6432555178413696,0.9092288303190857,-0.054441774209566605,0.8411816526513787,0.9540688557484014,0.6227510455343784,-0.9644139039123206,-0.4905811136305794,0.6997831876605157,0.00681933612108271,0.43051727176457566,-0.24861390641044648,0.9700146273029331,0.8641855162673222,0.8500616330352523,0.433641860188121,0.9381550797429931,-0.8685138428413872,-0.44343507018549505,0.6995566681834751,0.698707595169647,0.6999294294300054,-0.6469557466232764,-0.837597208287402,0.05582690956020724,0.9449293460024681,-0.6648838014721535,0.7257899241726649,0.590754714694941,-0.0637163748859321,-0.7840972066004448,0.7575238457762903,0.37724073736309194,0.0839073314122811,0.7300448890744017,-0.10465413132616741,0.9124499892471275,0.11672195192201001,-0.6992863498993946,0.9387326272564274,0.6580673630484807
AI20X,0.4328761010640333,0.546741435075174,0.7424868133593713,-0.9981586461283123,0.9617521163102757,0.18122060770835896,0.8891475943077453,-0.9167418272726775,1.0,0.5850961142641284,-0.7357264441428374,-0.7364735341891047,0.8733166782960966,0.9203283519151961,0.8359919826163689,0.01246499128851206,0.9164268674425878,0.7126749043372795,0.790496648320007,0.5353517702022712,0.9784838634655966,-0.24006125560800054,0.2953316939296848,0.8911566619880362,-0.32569146121025866,0.7122387032872047,0.6779624920793801,-0.06537184950940492,-0.5326518295701764,0.773390551905752,-0.03148844337288859,-0.9919008038548733,-0.3747680788919436,0.9999552236902757,0.982757571836825,0.9320363185217174,0.8747356404168588,0.5542252816661895,-0.2572162843882458,0.7904557699248245,-0.36560286634791633,0.9336132871270997,0.6297621990144782,0.8555005495822063,0.4754515458998089,0.7124870444171013,0.3875915731211381,0.9381274616013093,-0.2906461943337759,0.9955279009030946,0.8372584626328753,0.2543775592108452,-0.16435228165105994,0.8384594511595005,-0.8680347742400373,0.8971836614709426,0.8772607587895913,-0.7199409947575686
AI4,0.4340222970394484,-0.07255792102959999,0.5558937738896529,0.08487815168100615,0.7004625299935605,0.13577547114119956,0.8311722217419965,0.0366882654804536,0.5850961142641284,1.0,0.08087293653620391,-0.21938650887403707,0.9927973390664455,0.30778076050293623,0.580000240368197,0.07991047158344337,0.9324902090091752,0.7654440528196154,0.3836174038074873,0.5501175735455477,0.36183166664860744,0.1460409243690791,0.5388326730891303,0.7372447753546518,-0.5051273399754551,-0.007713041401003802,0.6040167211051688,0.2339380978984829,0.23470115733759586,0.18846809569075743,0.058768142167481094,-0.4981637558509221,0.1012545875712592,0.1217178028577654,0.4294726670703262,0.5874294549117393,0.1690305214072585,0.5175153602536354,0.11235415649665396,-0.030816230405911138,-0.029386956240418757,0.31948044029683864,0.23601299190236208,0.49534079003103376,0.0019163262687017495,0.3246620566898881,-0.9831498451247207,0.669509277479589,0.10392886756815983,0.7915284389652125,0.48117771875334414,0.40694645746593355,-0.4253079182879231,0.31705299861294245,-0.48477320730162243,0.2334027182624792,0.23244441529459797,-0.7681256353153321
APOLLO,0.014773174152245851,-0.6044493035706996,-0.11823093068032842,0.05815266573572203,-0.2728071491278908,0.4904178564451718,-0.4520562360903114,0.11649605302634623,-0.7357264441428374,0.08087293653620391,1.0,0.31675886337871917,0.147566332424467,-0.19545034331214461,-0.11974926331514733,0.9938795683419862,0.29839551107638584,-0.5477136012738126,-0.3358136832540925,0.21695652741407925,-0.39272618754541944,-0.056121948959281485,0.17405889096454258,-0.3865613713551011,0.5649847049620841,-0.7917044894777151,0.04471392015871506,0.2927395883758069,0.90611323486387,-0.1743977815649766,0.16263921359883757,0.8309730172835622,0.9992910199868845,-0.3057199144674544,-0.7591762599516692,-0.5389771549255504,-0.7075999879234582,0.08402263956679465,0.6228101228872785,-0.44036338935142993,0.44471677970410345,-0.2065588012581145,0.012993520506472657,0.03019575766062635,-0.29821785452506755,-0.6171237109811355,0.10977837360028377,-0.2801837814272514,-0.14625181756347833,-0.25572499080949,0.9037973353118367,-0.292066779086244,0.14850981163910068,-0.24373606476033638,0.7258335059870852,-0.670151179149583,-0.18788737314846515,0.5527203688270226
AUSBAGWORK,-0.3206246307670107,0.13646020754009303,-0.5018958329468589,-0.2654172578875058,-0.006560534423812658,-0.15163748174778893,0.08441962947321184,-0.2989881460051221,-0.7364735341891047,-0.21938650887403707,0.31675886337871917,1.0,-0.5207648846964743,0.2048053774140385,-0.914185969598894,-0.923249598926175,-0.623685527377804,0.1760267796080431,-0.8401109030191493,-0.44567641014955106,-0.8286336695167789,0.7242764286287425,-0.3291571601665633,-0.08294835822003671,0.7657699362756165,-0.14962453620309796,-0.8683823779432138,-0.8122358304891282,0.5925737581853106,-0.8873549518235345,-0.24657690465472284,-0.5473268431550472,-0.932120466338868,-0.9094194130913977,-0.5656975354141369,-0.8234062637718966,-0.24666898223157765,-0.6808483702929538,0.8611600279651985,-0.20507281589222498,-0.4692718828864366,-0.9647360067555556,-0.8163652184148947,-0.18613277435610853,0.9863640947117154,-0.07695511298159603,0.29335983376078806,0.013525064184234572,0.874320705663863,-0.057952007468679456,-0.9945246691888603,-0.3463286267479364,0.07808902355553109,-0.9192315278347903,0.6017869097223271,-0.7727819407858374,-0.8469337126938579,-0.1804014276297547
BAR,0.5687707977558192,-0.279850729588762,0.9259912866462072,-0.6808079957413676,0.7300318369988024,0.7222935184872864,0.6160533126596226,-0.5901033003547279,0.8733166782960966,0.9927973390664455,0.147566332424467,-0.5207648846964743,1.0,0.7521501953737818,0.7893387628601193,0.26214220705365804,0.7371584643680018,0.643697190725007,0.8630983648174219,0.4549234797869394,0.8429631955253997,-0.03849462690485242,0.6732344563852452,0.7625446515185109,-0.35236262452283085,-0.26371764179784973,0.7617437026745746,0.34769817664761293,0.6108008447886722,0.34993978278741233,-0.14268818518782647,-0.46890598127679595,0.25628937805604285,0.5392294440531005,0.7559200400109211,0.9879624002192808,0.15693266478755175,0.6888233468194969,0.14561632980003966,0.3189055743320866,0.42275632780797845,0.598164279290341,0.4888088934459131,0.5677015960466445,0.020954328053674125,0.37902780826902505,0.06896861524927156,0.6503295054761089,-0.24906058406848303,0.8415060100378257,0.5928785798460985,0.39942217301541777,-0.33872337580535394,0.7594846220960761,-0.6132167978721669,0.6857925074149128,0.5611640577395317,-0.645143655987818
BLUB,0.9110853468322391,0.7361105845937416,0.924741178349957,0.9365695737573683,0.8011278359535091,-0.7965017980889514,0.6314231306634104,0.9066090012850896,0.9203283519151961,0.30778076050293623,-0.19545034331214461,0.2048053774140385,0.7521501953737818,1.0,0.1755651066552338,-0.3711344821265313,0.46342473271443874,0.9533305195148646,0.9984174870174383,0.34809596325677,0.9668925067044759,0.9753550264218869,0.8017279164803229,0.999999995665772,-0.5665158900322985,0.8440497077652974,0.14015350783609792,-0.39835223023227817,-0.011377424825498233,0.964241258480842,0.8798762639145302,-0.9246299336360725,-0.4359724593076227,0.9405016018202069,0.8092878094564531,0.6733872604063651,0.9054546542660904,0.7055947417900407,0.8276820697312003,-0.46776665677349955,-0.9104153560078695,-0.1382465332369631,0.9717929460226015,0.4442471366980526,0.8148686738136196,0.8517787005956192,-0.009130629053472906,0.6499148711975599,0.8932414068299587,0.6989392165879866,-0.04914613381667983,0.9285746652234376,-0.8491399258354375,0.9518690067153409,-0.16236104614643956,0.7870656228616427,0.95784597261315,-0.9531679192120853
BULLCOIN,0.44323316962755643,-0.33577551432010505,0.7476663891806777,-0.08776993245871566,0.25833327957949065,0.4364493473239691,0.26671168946671064,0.013441274494769414,0.8359919826163689,0.580000240368197,-0.11974926331514733,-0.914185969598894,0.7893387628601193,0.1755651066552338,1.0,0.7228146116997706,0.8308100040310696,0.19702334724002332,0.9873704960877874,0.6002961025748174,0.8136183863354819,-0.5720267119466739,0.5253111039868124,0.28745423389743285,-0.805422369758123,-0.057223102354485744,0.9854890693820577,0.8236865244494508,-0.331975723622263,0.8361735282152741,0.031540290372619004,0.20425223412603805,0.7325481214533116,0.9684014663550623,0.5518660112038009,0.8759129637981294,0.1165641485350964,0.8362700866451179,-0.6448520276259002,0.10016068746505669,0.5826224678837897,0.9227204030017806,0.9217783800989774,0.29467099627900273,-0.9683021736398396,0.11875776567591109,-0.6246423816237356,0.22912164934975845,-0.7598021191901483,0.3692447462211903,0.9315884829730864,0.47228285323478675,-0.25421269131636537,0.9365071686537826,-0.6202678809942057,0.6628850394570424,0.8245984661490298,-0.19365120063198618
Bagwork,0.3266921080482838,-0.780737652272953,0.31883805868800086,0.6151487294469816,0.04045190414792728,0.7741487539219111,0.2588726290865643,0.40645571679500403,0.01246499128851206,0.07991047158344337,0.9938795683419862,-0.923249598926175,0.26214220705365804,-0.3711344821265313,0.7228146116997706,1.0,0.5741865905352004,-0.46887842304420596,-0.08343836457705164,0.5937199243706757,0.3152346742909707,0.2756878370870956,0.4511208929834178,-0.4587843546288567,0.3957494428506632,-0.9936240579833427,0.7295885559904881,0.9766558914695779,0.5897427290448264,0.927206366329884,0.32912773421646,0.5185144301579427,0.9749746789964752,0.714892611944431,0.05659138475821474,0.24989495047341076,-0.8812067101120656,0.7611335538041265,0.10160087709118365,0.02823391925385789,0.9019454154835411,0.8239242776767427,0.6906484166820813,0.34311066215890823,0.22236461419897124,0.03943762836166235,0.5356583474537001,0.18363853301424474,-0.8428391700338493,0.014684309997316134,0.926626481666285,0.1545001618874394,0.07547573753674955,0.6572027967491076,-0.34701753317063266,0.09888885896837765,0.7865042788543025,0.47922315422754136
CHARLIE,0.7465795846959241,-0.24689038990298323,0.9902474889293692,-0.5778960752705806,0.79126396777354,0.9060679046373377,0.9172741213378448,-0.45766224098668534,0.9164268674425878,0.9324902090091752,0.29839551107638584,-0.623685527377804,0.7371584643680018,0.46342473271443874,0.8308100040310696,0.5741865905352004,1.0,0.21681318773398095,0.7494065507836388,0.8161494345914112,0.946565059882378,0.4090244639905975,0.5281050857538366,0.7185587947579358,0.37025151383703403,-0.3864324939160137,0.5924830742145322,0.4790006319607222,0.786356934545348,0.5224964568073089,0.10095740228097148,-0.3826625726896352,0.4635108185817131,0.7486698820990897,0.8365752437936457,0.9462279853209294,0.1049208299247987,0.8174684761554308,0.6738114054501575,0.6917769652922389,0.5152584605374634,0.7427517929121328,0.9074892656401894,0.8626336915039948,0.6303008475464377,0.6629823889940647,0.7170251975999672,0.8798049567179176,-0.37130463382629386,0.7958712804011898,0.7515742157316507,0.2107647858366222,-0.11781848867370157,0.6252652068593284,-0.9436483230566444,0.8143769525432561,0.7124512038281551,-0.21395273070093423
CRND,-0.05436397951556836,0.04107852931015453,0.4022282269574466,-0.8897075903659375,0.4467350246263754,-0.021250170626017657,0.3807953922212013,-0.6432555178413696,0.7126749043372795,0.7654440528196154,-0.5477136012738126,0.1760267796080431,0.643697190725007,0.9533305195148646,0.19702334724002332,-0.46887842304420596,0.21681318773398095,1.0,0.9594960654026587,0.17453036635995642,0.27454844837687037,0.074200477833773,-0.01283803199440466,0.7798215557637788,-0.5312319560036197,0.4161668929830598,0.10292219036338575,-0.3674137596732404,-0.1204283767041781,-0.4223896905229852,-0.6666268467334157,-0.821640533699875,-0.5097981406970932,-0.5414058686137008,0.5213755844030477,0.6641601951546826,0.5354695007531325,-0.04569414425683899,0.07735923584424939,0.10838929038803895,-0.39368857106337024,-0.16103741183736173,0.046730228083838185,0.06568999996924677,-0.06415522261506341,0.5002875212281552,-0.24945192079004655,0.3206800335228383,0.5594757037056634,0.6281310325659315,-0.18470207392088828,0.5676503905848975,-0.6649305565210384,0.025246479787638203,-0.3154408404049602,0.20205920804036498,-0.26589815595814387,-0.9996894251520686
DARE,0.76315105541501,0.7023306925893286,0.9282824388552328,0.928197050395031,0.36378626716346435,-0.8927260229439073,0.7192940962582257,0.9092288303190857,0.790496648320007,0.3836174038074873,-0.3358136832540925,-0.8401109030191493,0.8630983648174219,0.9984174870174383,0.9873704960877874,-0.08343836457705164,0.7494065507836388,0.9594960654026587,1.0,0.8472685009922759,0.9586112269257914,0.9009438841754742,0.7487986455562562,0.5786194709679824,-0.9131042453478088,0.8232669800271425,0.931886283225211,0.5562194259187553,-0.6099762607487418,0.9502712671163356,0.8059442196087924,-0.751807814048656,-0.2754167432644248,0.9787052016929633,0.7391876023678541,0.9551701326590818,0.8532770712929766,0.9275628473404977,0.019778900104855796,-0.49279361900547725,-0.9648035276899224,0.789000041250434,0.9746411613539661,0.03212828317310934,0.9030188123608647,0.9397301030649584,-0.9134026725322368,0.3238250234167513,0.8770525781834552,0.6629534865034297,0.9799240264355177,0.8565049570318435,-0.7146530148771502,0.9789603201206808,-0.23459831526891364,0.6096550954087748,0.954508103733213,-0.951818423358638
DETECTIVE,-0.319442166038171,-0.8223896653125646,0.22048817646187888,-0.09327537464718515,0.37811299196633025,0.635589576651145,0.7969223113251727,-0.054441774209566605,0.5353517702022712,0.5501175735455477,0.21695652741407925,-0.44567641014955106,0.4549234797869394,0.34809596325677,0.6002961025748174,0.5937199243706757,0.8161494345914112,0.17453036635995642,0.8472685009922759,1.0,0.03834599563225379,0.8314329837190236,0.018026451698588977,-0.00046903236634644285,0.5331697929187997,-0.35876006258598847,0.40842801899782466,0.3311241511233321,-0.09091049863794208,0.12568527258560486,-0.7575855751900825,-0.2777883143294577,0.4155314268103865,-0.7060124031839466,0.5036115513877262,0.609049847735115,-0.4520943191861079,0.25397555394828014,0.6430961902920567,0.3829250618160649,0.3131419114950951,0.2173061789225288,0.9667771221067382,0.4720335374908011,0.7108521563609441,0.8191220305643812,0.8044974780289961,0.5520740564266553,-0.13107200745095948,0.44740445570951115,0.6094208210005696,0.5800188701139684,-0.9153535633970192,0.2595325717354152,-0.8298585779650199,-0.2730573811768402,0.3574404120276564,-0.15843421206015018
DREAM,0.852649170717323,0.7284776423919627,0.9400112803928272,0.8903535038817832,0.7918122811052141,-0.7343547320930432,0.6100379214316091,0.8411816526513787,0.9784838634655966,0.36183166664860744,-0.39272618754541944,-0.8286336695167789,0.8429631955253997,0.9668925067044759,0.8136183863354819,0.3152346742909707,0.946565059882378,0.27454844837687037,0.9586112269257914,0.03834599563225379,1.0,0.7511066582821805,0.7889566077674415,0.5855401915101389,-0.9247069355678392,0.7638470769106409,0.7557252527253616,0.5216369526920651,-0.5390258072343004,0.906694594824284,0.9006168430195816,-0.1483489408923767,0.3899768159504115,0.9577643880511741,0.8878541923676869,0.9058534050220259,0.8686808625168069,0.8593858519460289,-0.07867769977071551,-0.26216871577442985,-0.7370157264661479,0.8905849914970084,0.9355297101088774,0.8586178421168584,0.802589338964536,0.7491774407749808,-0.6754843388410451,0.782393756739968,0.45777291416667937,0.7641788011300038,0.680693041981175,0.6738521147809556,0.09453712604638448,0.9773182310448931,-0.3601713708979342,0.9619274008138728,0.9437977149678345,-0.28749120008817647
ELIZABETH,0.6427145512664063,0.628689487827083,0.7940187483668641,0.9830027577936694,0.007450038613289766,-0.7068615930250663,0.5481504885172567,0.9540688557484014,-0.24006125560800054,0.1460409243690791,-0.056121948959281485,0.7242764286287425,-0.03849462690485242,0.9753550264218869,-0.5720267119466739,0.2756878370870956,0.4090244639905975,0.074200477833773,0.9009438841754742,0.8314329837190236,0.7511066582821805,1.0,0.619864171873859,-0.42069480187593694,-0.28804786531803517,0.6399021193082457,-0.327682800823912,-0.4126175342489773,0.5820298273755038,0.9519632572881787,0.8334544890080902,-0.2556451217215473,0.06353481373281653,0.8802006548276948,-0.354615332611167,-0.679190720626876,0.6657556952880326,0.647323333035323,0.5482035390197045,-0.44847309420508896,-0.8471479749839049,-0.800426542178429,0.9886623861313287,0.09315414924491171,0.872704564013573,0.7649254789577709,0.7494944240704555,0.21813511386132234,0.8320168155451935,0.5800863605946146,0.1379769991187395,0.7429026846130696,-0.4388494562141201,0.8446576015432686,-0.12235097681070313,-0.9595723760993402,0.9098844216779068,-0.05455947830283633
FARTLESS,0.9774843065114563,0.428478691560316,0.9102385142144153,0.6727490936050567,0.5867388658218011,-0.2589410772157077,0.2498484123038025,0.6227510455343784,0.2953316939296848,0.5388326730891303,0.17405889096454258,-0.3291571601665633,0.6732344563852452,0.8017279164803229,0.5253111039868124,0.4511208929834178,0.5281050857538366,-0.01283803199440466,0.7487986455562562,0.018026451698588977,0.7889566077674415,0.619864171873859,1.0,0.4224077654307013,-0.4054760960103162,0.2720847156846181,0.6306826086375693,0.5778811745125315,0.4229317419494025,0.7352564893495342,0.8236241176955702,0.08745121530964729,0.5563160621924274,0.7851822039004306,0.261167828279973,0.30652781871119167,0.48661533300945486,0.9376065766531207,0.3296670797830961,-0.16518309091383845,-0.3842945023263665,0.5556622732016139,0.7294444765999224,0.6362053262122772,0.4924083943216581,0.3626867186868841,-0.018914439180634603,0.4965546664062487,0.2874614928728923,0.7198482500746152,0.6929538379776073,0.36177451151523676,0.4037351702120134,0.8137675903535653,-0.20142279426227214,0.33542509587320496,0.8000028213801664,0.00032341034711025644
FARTWORM,0.5001770140058528,0.4280575894113927,0.7000531269254068,-0.9656648581727043,0.9593830070080294,0.21378186661276505,0.9807367497227717,-0.9644139039123206,0.8911566619880362,0.7372447753546518,-0.3865613713551011,-0.08294835822003671,0.7625446515185109,0.999999995665772,0.28745423389743285,-0.4587843546288567,0.7185587947579358,0.7798215557637788,0.5786194709679824,-0.00046903236634644285,0.5855401915101389,-0.42069480187593694,0.4224077654307013,1.0,-0.6146037888968141,0.37631357171885893,0.24385198223271473,-0.19529712915131134,-0.08703940468702599,-0.05736910152360822,-0.05595198712264727,-0.8265993426526921,-0.401015318271412,0.23756519541373053,0.7798883803807843,0.5769890294532604,0.6459521758639729,0.23550501303112667,-0.08505978965854837,0.6972034741914235,-0.1774014119503915,0.20571217031340433,0.10329382661072517,0.7443578349036244,0.02000227257786957,0.5154222880646345,-0.8186963466818931,0.950413557374908,0.09547501597301969,0.9883140666322235,-0.02384033309109195,0.05822065569971,-0.08148837415187872,0.37599654311898173,-0.7637557803415347,0.5341053343573616,0.23324209124927012,-0.7938765833139267
FLY,-0.6525543180827124,-0.5923947221466028,-0.8372885993383172,-0.7347793513232649,0.09210392443289905,0.652815283732462,0.4475232143418843,-0.4905811136305794,-0.32569146121025866,-0.5051273399754551,0.5649847049620841,0.7657699362756165,-0.35236262452283085,-0.5665158900322985,-0.805422369758123,0.3957494428506632,0.37025151383703403,-0.5312319560036197,-0.9131042453478088,0.5331697929187997,-0.9247069355678392,-0.28804786531803517,-0.4054760960103162,-0.6146037888968141,1.0,-0.7631171731841522,-0.42503194205050154,-0.352598796699573,0.6598435270250191,-0.7482497792122801,-0.6368374705976043,0.05990938876569392,0.2382023754893113,-0.8116001262272076,-0.3493769254322048,-0.991026150710897,-0.837940785784678,-0.7392142494930437,0.4948017271669694,0.346220277831475,0.5418786258107596,-0.7328399038201107,-0.4436440310223718,0.3946123728894435,0.01230746817091432,-0.23592027394157875,0.9066874781912317,0.32714206994399647,-0.25540839124372394,-0.3449263857781331,0.18746418623660574,-0.5633296180603423,0.3681309547927299,-0.6385397959335435,-0.053944657449694684,-0.839799404006974,-0.5318359338087748,0.5381624550330438
HAROLD,0.4321573712094515,0.9034624304077217,0.5795388035877329,0.7540854865960892,0.23686973946671233,-0.8953936367946012,0.3575767513399321,0.6997831876605157,0.7122387032872047,-0.007713041401003802,-0.7917044894777151,-0.14962453620309796,-0.26371764179784973,0.8440497077652974,-0.057223102354485744,-0.9936240579833427,-0.3864324939160137,0.4161668929830598,0.8232669800271425,-0.35876006258598847,0.7638470769106409,0.6399021193082457,0.2720847156846181,0.37631357171885893,-0.7631171731841522,1.0,-0.21761173414001556,-0.4468179831653926,-0.8359748622750125,0.7135548918632001,0.6452218817984117,-0.7559014236615896,-0.9919706058914362,0.773482781832895,0.6885714884164077,0.3918805442263136,0.9662650991914594,0.33096969024556444,-0.16899025886937852,-0.039893792047531074,-0.8847368865404979,0.050520026845134146,0.7746703446296328,-0.012160579097070544,0.9373854073211583,0.882825459792236,0.023884549943566206,0.2508295588853418,0.6236983363040118,0.5610697498269357,-0.9413203052491803,0.5859352064674992,-0.0714935779177489,0.7046187777144285,-0.4017770967066583,0.5756226977102274,0.703893797824097,-0.4228540581083026
HOODIE,0.5216873046861137,-0.42787706680864135,0.7858534858237385,-0.033550813631219846,0.29545997918801503,0.49057134738045083,0.2561053091743846,0.00681933612108271,0.6779624920793801,0.6040167211051688,0.04471392015871506,-0.8683823779432138,0.7617437026745746,0.14015350783609792,0.9854890693820577,0.7295885559904881,0.5924830742145322,0.10292219036338575,0.931886283225211,0.40842801899782466,0.7557252527253616,-0.327682800823912,0.6306826086375693,0.24385198223271473,-0.42503194205050154,-0.21761173414001556,1.0,0.8788022261004929,-0.17758027361572817,0.8666851265079866,0.11250211708079437,0.20453201982822386,0.7794763466321109,0.992008299226434,0.44674933174396186,0.7928038890383959,-0.020389796831218016,0.9104723100113055,-0.4066812129894271,0.06331096885370587,0.6958727121864459,0.9051361868365649,0.4792257013243782,0.3436476406240705,-0.19560754852035678,0.04181289908544984,0.057805115684931706,0.2729899743903195,-0.7806685565061515,0.3720716763959787,0.8968475972510105,0.40345612199044556,-0.19303418927555774,0.918663344180122,-0.3954475630036183,0.5755170455063017,0.8259202832687819,-0.09894411996763548
Hosico,0.46303747821088503,-0.5472480178374722,0.5239652452986923,0.43752326991938456,-0.12377178513252618,0.5734700796496918,-0.2658053360194574,0.43051727176457566,-0.06537184950940492,0.2339380978984829,0.2927395883758069,-0.8122358304891282,0.34769817664761293,-0.39835223023227817,0.8236865244494508,0.9766558914695779,0.4790006319607222,-0.3674137596732404,0.5562194259187553,0.3311241511233321,0.5216369526920651,-0.4126175342489773,0.5778811745125315,-0.19529712915131134,-0.352598796699573,-0.4468179831653926,0.8788022261004929,1.0,-0.05280620194884692,0.95559270885403,0.3540008266715421,0.6990397399760284,0.9853417705995668,0.8419677538803318,0.0843901430379047,0.4691712659225701,-0.3210943926232265,0.8742708821960801,-0.4329615834460461,-0.21384480268410522,0.8802561490933677,0.8429108260615003,0.7095439543642418,0.12389590391915473,-0.9382406154502415,-0.4230889054277116,-0.09870580667486219,-0.1375922023899129,-0.9033032445946496,-0.10897394861832585,0.9714836330672229,0.16576433174656427,0.05647209066673218,0.7839102242047833,-0.11775915958269696,0.3661229490528575,0.8321609628360108,0.37190079957175926
IDIOT,0.2847329491166229,-0.4476668990707775,0.12650185785379414,-0.09879847754979315,0.5413296256710267,0.6805888946908768,0.2481812896076519,-0.24861390641044648,-0.5326518295701764,0.23470115733759586,0.90611323486387,0.5925737581853106,0.6108008447886722,-0.011377424825498233,-0.331975723622263,0.5897427290448264,0.786356934545348,-0.1204283767041781,-0.6099762607487418,-0.09091049863794208,-0.5390258072343004,0.5820298273755038,0.4229317419494025,-0.08703940468702599,0.6598435270250191,-0.8359748622750125,-0.17758027361572817,-0.05280620194884692,1.0,-0.21719667500809522,0.6568239543411587,0.24248456190045434,0.6651252030400974,-0.40308720444171403,-0.6467733523998898,-0.6022409712312777,-0.7275634346133877,0.15805590419717933,0.9185442417760321,-0.47286895454358713,0.41018216511468564,-0.4373407959915421,0.4213702789275776,0.7695692432355413,-0.7054342162931309,-0.5933914756653574,-0.36077592665310665,0.5398756158897619,0.29126450133217363,0.4590692401333543,0.8221938252172875,-0.34859326740745233,0.17790242252931313,-0.3792019766240317,0.6642240473308658,-0.6967824903653019,-0.22797235742283659,0.10866165440409027
LION,0.7900546558082244,0.7081099792486504,0.8991996367510722,0.9906370158492804,0.02295883825798567,-0.8614349477814022,-0.2135444856875231,0.9700146273029331,0.773390551905752,0.18846809569075743,-0.1743977815649766,-0.8873549518235345,0.34993978278741233,0.964241258480842,0.8361735282152741,0.927206366329884,0.5224964568073089,-0.4223896905229852,0.9502712671163356,0.12568527258560486,0.906694594824284,0.9519632572881787,0.7352564893495342,-0.05736910152360822,-0.7482497792122801,0.7135548918632001,0.8666851265079866,0.95559270885403,-0.21719667500809522,1.0,0.9180953169853063,0.6723160767265851,0.9600331563636523,0.9839866307147472,0.3002958796369267,0.5688991183497893,0.7757457424829798,0.7969556742215536,0.24266026226281148,-0.5807749319198747,-0.8655035942193745,0.9399894657861035,0.9969466301507198,0.32108645271496533,0.9172229433259658,0.7433756019899864,-0.07291447730229919,0.016792691833337803,0.700543834469774,0.562456651589777,0.9574828107985521,0.7220581093182145,0.22671209616040872,0.9670481562405483,0.03490633641242611,0.5946802997458016,0.9925331857318116,0.4214037225355007
MOCHI,0.8859873851301296,0.7548627294648532,0.8341116594784576,0.9079695850538698,0.22630701556961252,-0.7267294606695004,-0.2418167683618104,0.8641855162673222,-0.03148844337288859,0.058768142167481094,0.16263921359883757,-0.24657690465472284,-0.14268818518782647,0.8798762639145302,0.031540290372619004,0.32912773421646,0.10095740228097148,-0.6666268467334157,0.8059442196087924,-0.7575855751900825,0.9006168430195816,0.8334544890080902,0.8236241176955702,-0.05595198712264727,-0.6368374705976043,0.6452218817984117,0.11250211708079437,0.3540008266715421,0.6568239543411587,0.9180953169853063,1.0,0.458614061941761,0.4146993135867259,0.9898165344341266,0.04929818153661619,-0.21497783585173635,0.76079826740002,0.7786988347425404,0.8334355054280087,-0.4946880697779835,-0.7132669087281176,0.45984775457955335,0.8869315543718684,0.6174807119227962,0.8386643578815929,0.46569515456500515,0.37868725867470476,0.25732088921328405,0.5817437692694419,0.5005668722315451,0.31743955057321516,0.36629756604836516,0.9551535197288702,0.9121389807420128,0.3634478256282924,0.5722251655581995,0.938968687924777,0.6500347491312637
MOON,0.04134455020402827,-0.5016177402711897,-0.20661096424503525,0.9397185634032262,-0.6921686869254092,-0.02433748713239485,-0.6673567239670819,0.8500616330352523,-0.9919008038548733,-0.4981637558509221,0.8309730172835622,-0.5473268431550472,-0.46890598127679595,-0.9246299336360725,0.20425223412603805,0.5185144301579427,-0.3826625726896352,-0.821640533699875,-0.751807814048656,-0.2777883143294577,-0.1483489408923767,-0.2556451217215473,0.08745121530964729,-0.8265993426526921,0.05990938876569392,-0.7559014236615896,0.20453201982822386,0.6990397399760284,0.24248456190045434,0.6723160767265851,0.458614061941761,1.0,0.6285496452656282,0.4906941255927423,-0.7535253905255132,-0.34256572684901504,-0.8605879860045611,0.32739229115713564,-0.5737789795285869,-0.5921121923439171,0.5300297416537909,0.4370816732109595,-0.21661853501421424,-0.4066984499754513,-0.41817282227054026,-0.7349696030195791,-0.15724498303370077,-0.6407066041230148,-0.6452908393442801,-0.7652326728582548,0.27403257244739415,-0.22922845048424784,0.3394073686026053,0.15817005533484957,0.5955987607269041,-0.23743083172264215,0.23887199023182018,0.8256961360906948
Noxi,0.4211083523794331,-0.7202987754168746,0.37881795948903674,0.578816133751564,-0.015819687632741965,0.742483665138934,0.10034115104710965,0.433641860188121,-0.3747680788919436,0.1012545875712592,0.9992910199868845,-0.932120466338868,0.25628937805604285,-0.4359724593076227,0.7325481214533116,0.9749746789964752,0.4635108185817131,-0.5097981406970932,-0.2754167432644248,0.4155314268103865,0.3899768159504115,0.06353481373281653,0.5563160621924274,-0.401015318271412,0.2382023754893113,-0.9919706058914362,0.7794763466321109,0.9853417705995668,0.6651252030400974,0.9600331563636523,0.4146993135867259,0.6285496452656282,1.0,0.7841522896754096,-0.029749942085460213,0.26690199618653143,-0.8294843173527902,0.8047864411597843,-0.08223778923268397,-0.07745455766570426,0.961181210724806,0.8653134744416184,0.5316894317462723,0.2773207390500028,0.02461656135271494,-0.16648877094763093,0.3564553121382281,0.08502472382135923,-0.9288986597732867,-0.04856163691959883,0.9174265452791984,0.06324087502004978,0.15827632782256673,0.7325488461033294,-0.1897068548042394,0.19356021876793786,0.8215915194475584,0.5170194347588651
ORE,0.8407631506531354,0.8551960358478208,0.9537471892766565,0.9707111657913705,0.3368988542373797,-0.8451064173875321,-0.04636178216782388,0.9381550797429931,0.9999552236902757,0.1217178028577654,-0.3057199144674544,-0.9094194130913977,0.5392294440531005,0.9405016018202069,0.9684014663550623,0.714892611944431,0.7486698820990897,-0.5414058686137008,0.9787052016929633,-0.7060124031839466,0.9577643880511741,0.8802006548276948,0.7851822039004306,0.23756519541373053,-0.8116001262272076,0.773482781832895,0.992008299226434,0.8419677538803318,-0.40308720444171403,0.9839866307147472,0.9898165344341266,0.4906941255927423,0.7841522896754096,1.0,0.6000347148204715,0.7701681717023171,0.8345058104392316,0.8826975521980734,0.08250095720595772,-0.44774237092852714,-0.8159099830877056,0.9874842907224916,0.9779973104915435,0.6689542228157304,0.9044818388420505,0.7004150343080654,-0.08105834666532279,0.3434429140879505,0.5677028784215002,0.5518848283419926,0.9423039860818522,0.7396000131312322,0.4630699046227189,0.9964324394049057,-0.06359447407702372,0.8442295198751631,0.9979148887896482,0.520974816596012
PILL,0.3812536580469803,0.5464956838619817,0.5746114888811543,-0.9293586045126246,0.984981385392483,0.13422382449405265,0.9050594105788793,-0.8685138428413872,0.982757571836825,0.4294726670703262,-0.7591762599516692,-0.5656975354141369,0.7559200400109211,0.8092878094564531,0.5518660112038009,0.05659138475821474,0.8365752437936457,0.5213755844030477,0.7391876023678541,0.5036115513877262,0.8878541923676869,-0.354615332611167,0.261167828279973,0.7798883803807843,-0.3493769254322048,0.6885714884164077,0.44674933174396186,0.0843901430379047,-0.6467733523998898,0.3002958796369267,0.04929818153661619,-0.7535253905255132,-0.029749942085460213,0.6000347148204715,1.0,0.8562823126992717,0.8764368360652618,0.2771422360967772,-0.3847300321941613,0.8252388190197161,-0.06085512927970756,0.5962077700896108,0.589344539911722,0.8835903013600458,0.5440469179839057,0.6192101759417635,0.45847623955049854,0.9735061849437798,-0.3164949654992953,0.9838989106645525,0.3467506931175037,0.18201763439510857,-0.03657944627535715,0.6480945746287683,-0.8550328856554499,0.9202365036934053,0.5694959364338797,-0.5283970626080171
