symbol,$CrepSol,1,1Bull,1dog,1nu,67,7,AI20X,AI4,APOLLO,AUSBAGWORK,BAR,BULLCOIN,Bagwork,CHARLIE,CRND,DARE,DETECTIVE,DREAM,ELIZABETH,FARTLESS,FARTWORM,FLY,HAROLD,HOODIE,Hosico,IDIOT,LION,MOCHI,MOON,Noxi,PILL,Pochita,RAGEGUY,RUECAT,RWA,SHITTER,SOL,SUPRACOIN,Streamless,T-2049,USDUT,USEFUL,Useless,VIBECODER,XBT,YAO,early,gib,grandma,obvious,pibble,viewer,wSOL,walkusa
$CrepSol,1.0,0.6353975516797238,0.9009950344638167,0.7182909540919427,0.43695328492213803,0.3832569545911868,-0.4808931622724745,0.4328761010640333,0.1994245936265571,0.23882197050726203,0.3834913513785065,0.5687707977558192,0.44323316962755643,0.7144240442578446,0.7465795846959241,-0.05436397951556836,0.6460457267586855,-0.319442166038171,0.8223620627298226,0.5692666536154845,0.9782352954906378,0.706274218204791,-0.23992116061192115,0.421275661379858,0.5216873046861137,0.7397073774812287,0.2847329491166229,0.7531891159482073,0.8703516294388667,0.04134455020402827,0.4211083523794331,0.3812536580469803,0.3156705797521959,0.5538841998576123,0.887775385288764,0.44683270960838717,0.29945946121428013,-0.5133642107537602,0.5585575195398954,0.17353665006150532,0.9245135910746667,0.4983647934635711,0.31619027525309207,-0.3520980148286635,0.7253133614251163,0.16776583103316023,0.03692932952122288,0.604625452530666,0.17517292450378616,0.5712404741129932,0.6415905058021195,0.0489646730730963,0.4801024137098228,0.851713882253166,0.03687654025337933
1,0.6353975516797238,1.0,0.6972002093492704,0.4487799644097806,-0.394724093661703,0.27011429524991537,-0.620657945458372,0.546741435075174,-0.3128368648330875,-0.7006776087217109,0.6897174641856636,-0.279850729588762,-0.33577551432010505,0.8068962901802605,-0.24689038990298323,0.04107852931015453,0.7515806260480079,-0.8223896653125646,0.7997802050657216,0.7484344107581964,0.5019097086486822,0.6907579417514929,-0.14067774454318147,0.9230938270124609,-0.42787706680864135,0.42578621292815966,-0.4476668990707775,0.8150693984656323,0.8009850294476424,-0.5016177402711897,-0.7202987754168746,0.5464956838619817,0.05288623672523471,0.9229477005654131,0.4474261245294214,0.43759656109459827,0.44238549353945505,-0.9061238095816856,-0.09126518761033826,-0.8734209144828716,0.44002670217439505,0.952218331308624,0.7345801264886164,0.19487520643681094,0.48101089502671546,0.6218109509999388,-0.28491500733809755,-0.7022569328720645,0.3313457755570155,0.4824357388734928,-0.05403106366807185,0.08197255926512537,0.4774993267842782,0.7786469813054052,-0.059126177981368995
1Bull,0.9009950344638167,0.6972002093492704,1.0,0.7654085467913425,0.2549795329855131,0.6668040468832376,-0.5401075316761252,0.7424868133593713,0.2596659990319503,0.09037027203068465,0.492324133843149,0.9259912866462072,0.7476663891806777,0.8698929973988301,0.9902474889293692,0.4022282269574466,0.8877564818083855,0.22048817646187888,0.9335738875341519,0.771138945280431,0.9035401299620882,0.8008299396722048,-0.6185766330611889,0.6108587819463738,0.7858534858237385,0.8151610649094398,0.12650185785379414,0.896863445973689,0.7778021499748553,-0.20661096424503525,0.37881795948903674,0.5746114888811543,0.6821081432018901,0.6811915513084986,0.9184027867943383,0.48438882132584177,0.13813058792138028,-0.7239350940859294,0.6658407016894289,0.6017884623412163,0.7677004088046034,0.6405616056976375,0.6454840648487634,-0.7864863217044087,0.7482279206017103,0.3960363548558863,-0.05575707744318559,0.6998912671985069,0.5790384922207013,0.01201250431854849,0.7843191268096089,0.02481187727902856,0.5500737367520516,0.9390650590868713,-0.41186321113773666
1dog,0.7182909540919427,0.4487799644097806,0.7654085467913425,1.0,0.6491378376763088,0.8365879316149217,-0.8931977120339148,0.9617521163102757,0.7004625299935605,-0.2728071491278908,-0.006560534423812658,0.7300318369988024,0.25833327957949065,0.04045190414792728,0.79126396777354,0.4467350246263754,0.36378626716346435,0.37811299196633025,0.7918122811052141,0.007450038613289766,0.5867388658218011,0.9593830070080294,0.09210392443289905,0.23686973946671233,0.29545997918801503,-0.12377178513252618,0.5413296256710267,0.02295883825798567,0.22630701556961252,-0.6921686869254092,-0.015819687632741965,0.984981385392483,0.6075808628638131,0.7162910475781444,0.3570099268639476,0.6431924007734214,0.86527043848137,0.16182543907786232,0.26367267190969135,0.4984017228833646,0.9131548444953729,0.47400807199708966,0.5298589762277373,0.3936325317886371,0.9671514935334949,-0.08137369333242897,0.9694594258372985,0.34021054060242567,-0.12640530142723286,0.18964381721532733,0.4819900063298327,-0.8141003193790689,0.8829483876742749,0.5102214775047175,-0.4574885229328708
1nu,0.43695328492213803,-0.394724093661703,0.2549795329855131,0.6491378376763088,1.0,0.668081047228397,-0.258739992214657,0.18122060770835896,0.6447148237155933,0.7244891034727967,-0.2019071143271204,0.7222935184872864,0.4364493473239691,0.17603428234756074,0.9060679046373377,-0.021250170626017657,-0.12691487883043734,0.635589576651145,-0.015400332058653547,0.1302307660225042,0.5533550349751203,0.08682345845738773,0.46754631715764045,-0.5939739942333938,0.49057134738045083,0.2827465565811311,0.6805888946908768,-0.06657950038345734,0.19545536151987652,-0.02433748713239485,0.742483665138934,0.13422382449405265,0.10688194393500355,-0.43861709604964794,0.4741050190829203,0.44344825271945376,0.2538035994205528,0.27659128545594663,0.343873800982818,0.7813486438843344,0.79474531371946,0.30766603790104463,0.12286249379555886,0.5452850618968272,0.7089344436200794,-0.2347878622211063,0.5475949204049877,0.934503779843292,-0.0459480884451191,0.15908956601095858,0.3294448642859483,-0.4311765776380748,-0.04276344380468499,0.2146909018470061,0.021710381746432455
67,0.3832569545911868,0.27011429524991537,0.6668040468832376,0.8365879316149217,0.668081047228397,1.0,-0.6213076423909765,0.8891475943077453,0.8311722217419965,-0.4520562360903114,0.08441962947321184,0.6160533126596226,0.26671168946671064,0.2588726290865643,0.9172741213378448,0.3807953922212013,0.7192940962582257,0.7969223113251727,0.6100379214316091,0.5481504885172567,0.2498484123038025,0.9807367497227717,0.4475232143418843,0.3575767513399321,0.2561053091743846,-0.2658053360194574,0.2481812896076519,-0.2135444856875231,-0.2418167683618104,-0.6673567239670819,0.10034115104710965,0.9050594105788793,0.7231945723265166,0.6996308673447723,0.18700352776901613,0.8637766699304423,0.8216953812456855,0.13592857132491845,0.06960428837724943,0.8417402675982105,0.8300965955701957,0.7964917082614605,0.8674456915703642,0.7536483454500955,0.928955749602623,0.006787748952329584,0.8446430005557464,0.43261242927716703,0.212717392490266,-0.2647619136646721,0.2976927859990827,-0.9956278046914541,0.6187624104055576,0.40576791423868497,-0.3785324956017352
7,-0.4808931622724745,-0.620657945458372,-0.5401075316761252,-0.8931977120339148,-0.258739992214657,-0.6213076423909765,1.0,-0.9167418272726775,-0.5782719742166482,0.5652700498683784,-0.2989881460051221,-0.5901033003547279,0.013441274494769414,0.40645571679500403,-0.45766224098668534,-0.6432555178413696,-0.3655335719180655,-0.054441774209566605,-0.5578326272213723,0.16734700615504838,-0.37732356824689056,-0.9644139039123206,0.16215571557707154,-0.5305417672078473,0.00681933612108271,0.43051727176457566,-0.24861390641044648,0.2965962178669039,-0.05291087792778797,0.8500616330352523,0.433641860188121,-0.8685138428413872,-0.44343507018549505,-0.8917036564850305,-0.0454124728319551,-0.48320834270813784,-0.7392157797224584,0.22608041789943248,0.05582690956020724,-0.12105087955212308,-0.6648838014721535,-0.26875117726986547,-0.42724207050613633,-0.0637163748859321,-0.7840972066004448,-0.2767915103613344,-0.8858557089832179,0.0839073314122811,0.16777507736065492,-0.10465413132616741,-0.19296963311434792,0.5615956797199566,-0.6992863498993946,-0.13417605782091926,0.6580673630484807
AI20X,0.4328761010640333,0.546741435075174,0.7424868133593713,0.9617521163102757,0.18122060770835896,0.8891475943077453,-0.9167418272726775,1.0,0.5850961142641284,-0.7357264441428374,-0.7364735341891047,0.8733166782960966,0.8359919826163689,0.01246499128851206,0.9164268674425878,0.7126749043372795,0.790496648320007,0.5353517702022712,0.9784838634655966,-0.24006125560800054,0.2953316939296848,0.8911566619880362,-0.32569146121025866,0.7122387032872047,0.6779624920793801,-0.06537184950940492,-0.5326518295701764,0.773390551905752,-0.03148844337288859,-0.9919008038548733,-0.3747680788919436,0.982757571836825,0.9320363185217174,0.8747356404168588,0.5542252816661895,-0.2572162843882458,0.7904557699248245,-0.36560286634791633,0.9336132871270997,0.6297621990144782,0.8555005495822063,0.4754515458998089,0.7124870444171013,0.3875915731211381,0.9381274616013093,-0.2906461943337759,0.9955279009030946,0.8372584626328753,0.2543775592108452,-0.16435228165105994,0.8384594511595005,-0.8680347742400373,0.8971836614709426,0.8772607587895913,-0.7199409947575686
AI4,0.1994245936265571,-0.3128368648330875,0.2596659990319503,0.7004625299935605,0.6447148237155933,0.8311722217419965,-0.5782719742166482,0.5850961142641284,1.0,0.11602026969571265,-0.2826758903330161,0.9927973390664455,0.580000240368197,-0.15785115785486298,0.9324902090091752,0.7654440528196154,0.15889043612058826,0.5501175735455477,0.06282998670893444,-0.20359144505555699,0.3068593201391441,0.4660893227956528,-0.5580606543452922,-0.2687713976029121,0.6040167211051688,0.016978117112912416,0.23470115733759586,-0.15958436697770467,-0.27921036019068823,-0.4981637558509221,0.1012545875712592,0.4294726670703262,0.5874294549117393,-0.09777797625097626,0.2726782932626393,-0.06924196628936571,0.09304763381312656,0.27309376809478214,0.31948044029683864,0.7108237433239278,0.49534079003103376,-0.37780458284272855,0.06118434112935956,-0.9831498451247207,0.669509277479589,-0.15731763550554406,0.8118514155234142,0.48117771875334414,0.19834009908373748,-0.4253079182879231,0.4698779003112333,-0.5297643477949969,0.2334027182624792,-0.06160777996656377,-0.7681256353153321
APOLLO,0.23882197050726203,-0.7006776087217109,0.09037027203068465,-0.2728071491278908,0.7244891034727967,-0.4520562360903114,0.5652700498683784,-0.7357264441428374,0.11602026969571265,1.0,0.31675886337871917,0.147566332424467,-0.11974926331514733,0.9938795683419862,0.29839551107638584,-0.5477136012738126,-0.6705987266845141,0.21695652741407925,-0.4899845193914347,0.5365536549783613,0.42634189269629014,-0.3865613713551011,0.6334868091112199,-0.9828454031120631,0.04471392015871506,0.2927395883758069,0.90611323486387,0.08669751460680278,0.4300262471495375,0.8309730172835622,0.9992910199868845,-0.7591762599516692,-0.5389771549255504,-0.9232246137079292,0.3347679213912609,0.7231925099224096,-0.6913646685185487,0.6639490581006342,-0.2065588012581145,0.5779792370317471,0.03019575766062635,-0.8507284419180229,-0.7597297836034772,0.10977837360028377,-0.2801837814272514,-0.007769271933265221,-0.29122060840472247,0.9037973353118367,-0.23431071523040117,0.14850981163910068,-0.2129759757492812,0.7522139987547898,-0.670151179149583,-0.0388255370225485,0.5527203688270226
AUSBAGWORK,0.3834913513785065,0.6897174641856636,0.492324133843149,-0.006560534423812658,-0.2019071143271204,0.08441962947321184,-0.2989881460051221,-0.7364735341891047,-0.2826758903330161,0.31675886337871917,1.0,-0.5207648846964743,-0.914185969598894,0.8497394250209546,-0.623685527377804,0.1760267796080431,0.5193362145442669,-0.44567641014955106,0.3784154433136811,0.8539550582752294,0.349031750489621,0.41336644041272913,0.7657699362756165,0.528879375691473,-0.8683823779432138,0.20301343134422964,0.5925737581853106,0.6677216081204705,0.675970824522021,-0.5473268431550472,-0.932120466338868,-0.5656975354141369,-0.8234062637718966,0.4414566255752863,0.23245817689314244,0.9141599498548274,-0.15991186473579763,-0.817689357705738,-0.9647360067555556,-0.8163652184148947,-0.18613277435610853,0.9966194463227588,0.5331389330343236,0.29335983376078806,0.013525064184234572,0.930614435962571,-0.453345500864414,-0.9945246691888603,0.30578380247260756,0.07808902355553109,-0.9192315278347903,0.6297916906755578,-0.7727819407858374,0.503423929161738,-0.1804014276297547
BAR,0.5687707977558192,-0.279850729588762,0.9259912866462072,0.7300318369988024,0.7222935184872864,0.6160533126596226,-0.5901033003547279,0.8733166782960966,0.9927973390664455,0.147566332424467,-0.5207648846964743,1.0,0.7893387628601193,0.26214220705365804,0.7371584643680018,0.643697190725007,0.8630983648174219,0.4549234797869394,0.8429631955253997,-0.03849462690485242,0.6732344563852452,0.7625446515185109,-0.35236262452283085,-0.26371764179784973,0.7617437026745746,0.34769817664761293,0.6108008447886722,0.34993978278741233,-0.14268818518782647,-0.46890598127679595,0.25628937805604285,0.7559200400109211,0.9879624002192808,0.15693266478755175,0.6888233468194969,0.14561632980003966,0.3189055743320866,0.42275632780797845,0.598164279290341,0.4888088934459131,0.5677015960466445,0.020954328053674125,0.37902780826902505,0.06896861524927156,0.6503295054761089,-0.24906058406848303,0.8415060100378257,0.5928785798460985,0.39942217301541777,-0.33872337580535394,0.7594846220960761,-0.6132167978721669,0.6857925074149128,0.5611640577395317,-0.645143655987818
BULLCOIN,0.44323316962755643,-0.33577551432010505,0.7476663891806777,0.25833327957949065,0.4364493473239691,0.26671168946671064,0.013441274494769414,0.8359919826163689,0.580000240368197,-0.11974926331514733,-0.914185969598894,0.7893387628601193,1.0,0.7228146116997706,0.8308100040310696,0.19702334724002332,0.9873704960877874,0.6002961025748174,0.8136183863354819,-0.5720267119466739,0.5253111039868124,0.28745423389743285,-0.805422369758123,-0.057223102354485744,0.9854890693820577,0.8236865244494508,-0.331975723622263,0.8361735282152741,0.031540290372619004,0.20425223412603805,0.7325481214533116,0.5518660112038009,0.8759129637981294,0.1165641485350964,0.8362700866451179,-0.6448520276259002,0.10016068746505669,0.5826224678837897,0.9227204030017806,0.9217783800989774,0.29467099627900273,-0.9683021736398396,0.11875776567591109,-0.6246423816237356,0.22912164934975845,-0.7598021191901483,0.3692447462211903,0.9315884829730864,0.47228285323478675,-0.25421269131636537,0.9365071686537826,-0.6202678809942057,0.6628850394570424,0.8245984661490298,-0.19365120063198618
Bagwork,0.7144240442578446,0.8068962901802605,0.8698929973988301,0.04045190414792728,0.17603428234756074,0.2588726290865643,0.40645571679500403,0.01246499128851206,-0.15785115785486298,0.9938795683419862,0.8497394250209546,0.26214220705365804,0.7228146116997706,1.0,0.5741865905352004,-0.46887842304420596,0.8921921694007191,0.5937199243706757,0.9209746208838868,0.9749093962773714,0.722641404797045,0.5409894226879305,0.3957494428506632,0.7913629831226651,0.7295885559904881,0.7865933463767733,0.5897427290448264,0.9983093149240471,0.8400043910755595,0.5185144301579427,0.9749746789964752,0.05659138475821474,0.24989495047341076,0.7373547112254376,0.7504075551728634,0.925091044800403,0.01972383375345863,-0.8999484856843857,0.8239242776767427,0.6906484166820813,0.34311066215890823,0.7288353902870006,0.6655011524430521,0.5356583474537001,0.18363853301424474,0.6774693245120778,-0.36486758740998443,0.926626481666285,0.6389298000613173,0.07547573753674955,0.6572027967491076,0.14202227682322097,0.09888885896837765,0.9584376368228608,0.47922315422754136
CHARLIE,0.7465795846959241,-0.24689038990298323,0.9902474889293692,0.79126396777354,0.9060679046373377,0.9172741213378448,-0.45766224098668534,0.9164268674425878,0.9324902090091752,0.29839551107638584,-0.623685527377804,0.7371584643680018,0.8308100040310696,0.5741865905352004,1.0,0.21681318773398095,0.7494065507836388,0.8161494345914112,0.946565059882378,0.4090244639905975,0.5281050857538366,0.7185587947579358,0.37025151383703403,-0.3864324939160137,0.5924830742145322,0.4790006319607222,0.786356934545348,0.5224964568073089,0.10095740228097148,-0.3826625726896352,0.4635108185817131,0.8365752437936457,0.9462279853209294,0.1049208299247987,0.8174684761554308,0.6738114054501575,0.6917769652922389,0.5152584605374634,0.7427517929121328,0.9074892656401894,0.8626336915039948,0.6303008475464377,0.6629823889940647,0.7170251975999672,0.8798049567179176,-0.37130463382629386,0.7958712804011898,0.7515742157316507,0.2107647858366222,-0.11781848867370157,0.6252652068593284,-0.9436483230566444,0.8143769525432561,0.7124512038281551,-0.21395273070093423
CRND,-0.05436397951556836,0.04107852931015453,0.4022282269574466,0.4467350246263754,-0.021250170626017657,0.3807953922212013,-0.6432555178413696,0.7126749043372795,0.7654440528196154,-0.5477136012738126,0.1760267796080431,0.643697190725007,0.19702334724002332,-0.46887842304420596,0.21681318773398095,1.0,0.9594960654026587,0.17453036635995642,0.27454844837687037,0.074200477833773,-0.01283803199440466,0.7798215557637788,-0.5312319560036197,0.4161668929830598,0.10292219036338575,-0.3674137596732404,-0.1204283767041781,-0.4223896905229852,-0.6666268467334157,-0.821640533699875,-0.5097981406970932,0.5213755844030477,0.6641601951546826,0.5354695007531325,-0.04569414425683899,0.07735923584424939,0.10838929038803895,-0.39368857106337024,-0.16103741183736173,0.046730228083838185,0.06568999996924677,-0.06415522261506341,0.5002875212281552,-0.24945192079004655,0.3206800335228383,0.5594757037056634,0.6281310325659315,-0.18470207392088828,0.5676503905848975,-0.6649305565210384,0.025246479787638203,-0.3154408404049602,0.20205920804036498,-0.26589815595814387,-0.9996894251520686
DARE,0.6460457267586855,0.7515806260480079,0.8877564818083855,0.36378626716346435,-0.12691487883043734,0.7192940962582257,-0.3655335719180655,0.790496648320007,0.15889043612058826,-0.6705987266845141,0.5193362145442669,0.8630983648174219,0.9873704960877874,0.8921921694007191,0.7494065507836388,0.9594960654026587,1.0,0.8472685009922759,0.9353614094040075,0.8047125497101392,0.6560565550010913,0.7378990223665716,-0.9509320362541004,0.8601118907386539,0.931886283225211,0.8942654159702287,-0.6099762607487418,0.8763836509281119,0.6039891216451078,-0.751807814048656,-0.2754167432644248,0.7391876023678541,0.9551701326590818,0.8225536308711281,0.8700365112324028,0.2774034240509042,0.08860902115886958,-0.9036329330261718,0.789000041250434,0.9597113784618045,0.03212828317310934,0.7717253289308311,0.9782010196409143,-0.9134026725322368,0.3238250234167513,0.7426395264320135,-0.19499600390109462,0.9799240264355177,0.8479994743111468,-0.7146530148771502,0.7948626078901633,-0.11951822526986487,0.6096550954087748,0.8888800018132537,-0.951818423358638
DETECTIVE,-0.319442166038171,-0.8223896653125646,0.22048817646187888,0.37811299196633025,0.635589576651145,0.7969223113251727,-0.054441774209566605,0.5353517702022712,0.5501175735455477,0.21695652741407925,-0.44567641014955106,0.4549234797869394,0.6002961025748174,0.5937199243706757,0.8161494345914112,0.17453036635995642,0.8472685009922759,1.0,0.03834599563225379,0.8314329837190236,0.018026451698588977,-0.00046903236634644285,0.5331697929187997,-0.35876006258598847,0.40842801899782466,0.3311241511233321,-0.09091049863794208,0.12568527258560486,-0.7575855751900825,-0.2777883143294577,0.4155314268103865,0.5036115513877262,0.609049847735115,-0.4520943191861079,0.25397555394828014,0.6430961902920567,0.3829250618160649,0.3131419114950951,0.2173061789225288,0.9667771221067382,0.4720335374908011,0.7108521563609441,0.8191220305643812,0.8044974780289961,0.5520740564266553,-0.13107200745095948,0.44740445570951115,0.6094208210005696,0.5800188701139684,-0.9153535633970192,0.2595325717354152,-0.8298585779650199,-0.2730573811768402,0.3574404120276564,-0.15843421206015018
DREAM,0.8223620627298226,0.7997802050657216,0.9335738875341519,0.7918122811052141,-0.015400332058653547,0.6100379214316091,-0.5578326272213723,0.9784838634655966,0.06282998670893444,-0.4899845193914347,0.3784154433136811,0.8429631955253997,0.8136183863354819,0.9209746208838868,0.946565059882378,0.27454844837687037,0.9353614094040075,0.03834599563225379,1.0,0.714965064217261,0.7730012043160835,0.7555950057582451,-0.8807053570609726,0.7868110507126767,0.7557252527253616,0.8137955950089436,-0.5390258072343004,0.9029498364507555,0.8488258672542759,-0.1483489408923767,0.3899768159504115,0.8878541923676869,0.9058534050220259,0.8376044823919235,0.8454160164521083,0.24861919161906554,0.3049764292906454,-0.7670909796938528,0.8905849914970084,0.46901879811638136,0.8586178421168584,0.7296817720035841,0.722075953841342,-0.6754843388410451,0.782393756739968,0.30779156418312076,-0.16485371733218476,0.680693041981175,0.5900468004168254,0.09453712604638448,0.9363968448372735,-0.11947716114231112,0.9619274008138728,0.9594408445489989,-0.28749120008817647
ELIZABETH,0.5692666536154845,0.7484344107581964,0.771138945280431,0.007450038613289766,0.1302307660225042,0.5481504885172567,0.16734700615504838,-0.24006125560800054,-0.20359144505555699,0.5365536549783613,0.8539550582752294,-0.03849462690485242,-0.5720267119466739,0.9749093962773714,0.4090244639905975,0.074200477833773,0.8047125497101392,0.8314329837190236,0.714965064217261,1.0,0.5856975248395434,0.49657312911622464,0.8227349268258943,0.6781168114372144,-0.327682800823912,0.6428683975253237,0.5820298273755038,0.9331761665326974,0.7367432145382096,-0.2556451217215473,0.06353481373281653,-0.354615332611167,-0.679190720626876,0.5867525892396347,0.6066983776327223,0.7917145541346512,0.04097628532142132,-0.8851294665060389,-0.800426542178429,0.7142925663815596,0.09315414924491171,0.8168081402518382,0.746460379417394,0.7494944240704555,0.21813511386132234,0.7551734371134807,-0.3443825921585193,0.1379769991187395,0.661514699354255,-0.4388494562141201,-0.5925805985323861,0.06583478635300347,-0.9595723760993402,0.8367150594206038,-0.05455947830283633
FARTLESS,0.9782352954906378,0.5019097086486822,0.9035401299620882,0.5867388658218011,0.5533550349751203,0.2498484123038025,-0.37732356824689056,0.2953316939296848,0.3068593201391441,0.42634189269629014,0.349031750489621,0.6732344563852452,0.5253111039868124,0.722641404797045,0.5281050857538366,-0.01283803199440466,0.6560565550010913,0.018026451698588977,0.7730012043160835,0.5856975248395434,1.0,0.6529210216120792,-0.06968423472951135,0.29315232685798376,0.6306826086375693,0.7833394638657085,0.4229317419494025,0.7282542684431763,0.8156737886973475,0.08745121530964729,0.5563160621924274,0.261167828279973,0.30652781871119167,0.4201500768158624,0.9333468720358213,0.5011175238588692,0.21911187949569289,-0.44474072839834716,0.5556622732016139,0.2134324393307647,0.6362053262122772,0.40613756482195623,0.3195063082750664,-0.018914439180634603,0.4965546664062487,0.14871162413729985,0.10488425317704812,0.6929538379776073,0.2582307129403516,0.4037351702120134,0.636284162111644,-0.06711229938926568,0.33542509587320496,0.831109526390285,0.00032341034711025644
FARTWORM,0.706274218204791,0.6907579417514929,0.8008299396722048,0.9593830070080294,0.08682345845738773,0.9807367497227717,-0.9644139039123206,0.8911566619880362,0.4660893227956528,-0.3865613713551011,0.41336644041272913,0.7625446515185109,0.28745423389743285,0.5409894226879305,0.7185587947579358,0.7798215557637788,0.7378990223665716,-0.00046903236634644285,0.7555950057582451,0.49657312911622464,0.6529210216120792,1.0,-0.6146037888968141,0.6562061321480075,0.24385198223271473,0.33741708958816663,-0.08703940468702599,0.5878371681867832,0.45316917935618256,-0.8265993426526921,-0.401015318271412,0.7798883803807843,0.5769890294532604,0.7913369243347571,0.5608464202926321,0.32718368671690096,0.5358871462223495,-0.614249797313641,0.20571217031340433,0.10329382661072517,0.7443578349036244,0.5353277043074053,0.7225840147299336,-0.8186963466818931,0.950413557374908,0.45827409019533744,0.42639160818004074,-0.02384033309109195,0.4159455802032158,-0.08148837415187872,0.37599654311898173,-0.365184315210733,0.5341053343573616,0.6273136927078609,-0.7938765833139267
FLY,-0.23992116061192115,-0.14067774454318147,-0.6185766330611889,0.09210392443289905,0.46754631715764045,0.4475232143418843,0.16215571557707154,-0.32569146121025866,-0.5580606543452922,0.6334868091112199,0.7657699362756165,-0.35236262452283085,-0.805422369758123,0.3957494428506632,0.37025151383703403,-0.5312319560036197,-0.9509320362541004,0.5331697929187997,-0.8807053570609726,0.8227349268258943,-0.06968423472951135,-0.6146037888968141,1.0,-0.4990195987978596,-0.42503194205050154,-0.352598796699573,0.6598435270250191,-0.46613839747765917,0.32943600863782924,0.05990938876569392,0.2382023754893113,-0.3493769254322048,-0.991026150710897,-0.6355588623675653,-0.441297590685881,0.8314364898813469,0.15130609860698985,0.20953661310284363,-0.7328399038201107,0.5955758283519074,0.3946123728894435,0.8701711123242541,0.20837328540779082,0.9066874781912317,0.32714206994399647,0.26025295597468856,-0.04247510648110729,0.18746418623660574,-0.3179911566864816,0.3681309547927299,-0.5331573811949748,-0.11378204184032187,-0.839799404006974,-0.15078434072655406,0.5381624550330438
HAROLD,0.421275661379858,0.9230938270124609,0.6108587819463738,0.23686973946671233,-0.5939739942333938,0.3575767513399321,-0.5305417672078473,0.7122387032872047,-0.2687713976029121,-0.9828454031120631,0.528879375691473,-0.26371764179784973,-0.057223102354485744,0.7913629831226651,-0.3864324939160137,0.4161668929830598,0.8601118907386539,-0.35876006258598847,0.7868110507126767,0.6781168114372144,0.29315232685798376,0.6562061321480075,-0.4990195987978596,1.0,-0.21761173414001556,0.38246438636523367,-0.8359748622750125,0.7472943874559571,0.6064270485911684,-0.7559014236615896,-0.9919706058914362,0.6885714884164077,0.3918805442263136,0.965556774388061,0.34836444353999113,0.19828471500230285,0.4226542323390575,-0.8912995760732856,0.050520026845134146,-0.6996676581179854,-0.012160579097070544,0.9725210155196112,0.8868261439356478,0.023884549943566206,0.2508295588853418,0.5838933609318776,-0.30770199829871836,-0.9413203052491803,0.5483045565836411,-0.0714935779177489,0.06164095036697097,-0.12301333003375753,0.5756226977102274,0.701723317747989,-0.4228540581083026
HOODIE,0.5216873046861137,-0.42787706680864135,0.7858534858237385,0.29545997918801503,0.49057134738045083,0.2561053091743846,0.00681933612108271,0.6779624920793801,0.6040167211051688,0.04471392015871506,-0.8683823779432138,0.7617437026745746,0.9854890693820577,0.7295885559904881,0.5924830742145322,0.10292219036338575,0.931886283225211,0.40842801899782466,0.7557252527253616,-0.327682800823912,0.6306826086375693,0.24385198223271473,-0.42503194205050154,-0.21761173414001556,1.0,0.8788022261004929,-0.17758027361572817,0.8666851265079866,0.11250211708079437,0.20453201982822386,0.7794763466321109,0.44674933174396186,0.7928038890383959,-0.020389796831218016,0.9104723100113055,-0.4066812129894271,0.06331096885370587,0.6958727121864459,0.9051361868365649,0.4792257013243782,0.3436476406240705,-0.19560754852035678,0.04181289908544984,0.057805115684931706,0.2729899743903195,-0.7806685565061515,0.3720716763959787,0.8968475972510105,0.40345612199044556,-0.19303418927555774,0.918663344180122,-0.3954475630036183,0.5755170455063017,0.8259202832687819,-0.09894411996763548
Hosico,0.7397073774812287,0.42578621292815966,0.8151610649094398,-0.12377178513252618,0.2827465565811311,-0.2658053360194574,0.43051727176457566,-0.06537184950940492,0.016978117112912416,0.2927395883758069,0.20301343134422964,0.34769817664761293,0.8236865244494508,0.7865933463767733,0.4790006319607222,-0.3674137596732404,0.8942654159702287,0.3311241511233321,0.8137955950089436,0.6428683975253237,0.7833394638657085,0.33741708958816663,-0.352598796699573,0.38246438636523367,0.8788022261004929,1.0,-0.05280620194884692,0.8231482219026899,0.7362981418155607,0.6990397399760284,0.9853417705995668,0.0843901430379047,0.4691712659225701,0.3861575740063933,0.9399520216618618,0.2392668264973534,-0.17026877349303957,-0.5024007054057876,0.8429108260615003,0.7095439543642418,0.12389590391915473,0.39574188966682294,0.35913518752490403,-0.09870580667486219,-0.1375922023899129,0.03833103448237427,-0.41502768600036455,0.9714836330672229,0.5527954078766695,0.05647209066673218,0.7839102242047833,0.1800894060080294,0.3661229490528575,0.8924072033115513,0.37190079957175926
IDIOT,0.2847329491166229,-0.4476668990707775,0.12650185785379414,0.5413296256710267,0.6805888946908768,0.2481812896076519,-0.24861390641044648,-0.5326518295701764,0.23470115733759586,0.90611323486387,0.5925737581853106,0.6108008447886722,-0.331975723622263,0.5897427290448264,0.786356934545348,-0.1204283767041781,-0.6099762607487418,-0.09091049863794208,-0.5390258072343004,0.5820298273755038,0.4229317419494025,-0.08703940468702599,0.6598435270250191,-0.8359748622750125,-0.17758027361572817,-0.05280620194884692,1.0,-0.21719667500809522,0.6568239543411587,0.24248456190045434,0.6651252030400974,-0.6467733523998898,-0.6022409712312777,-0.7275634346133877,0.15805590419717933,0.9185442417760321,-0.47286895454358713,0.41018216511468564,-0.4373407959915421,0.4213702789275776,0.7695692432355413,-0.7054342162931309,-0.5933914756653574,-0.36077592665310665,0.5398756158897619,0.29126450133217363,0.4590692401333543,0.8221938252172875,-0.34859326740745233,0.17790242252931313,-0.3792019766240317,0.6642240473308658,-0.6967824903653019,-0.22797235742283659,0.10866165440409027
LION,0.7531891159482073,0.8150693984656323,0.896863445973689,0.02295883825798567,-0.06657950038345734,-0.2135444856875231,0.2965962178669039,0.773390551905752,-0.15958436697770467,0.08669751460680278,0.6677216081204705,0.34993978278741233,0.8361735282152741,0.9983093149240471,0.5224964568073089,-0.4223896905229852,0.8763836509281119,0.12568527258560486,0.9029498364507555,0.9331761665326974,0.7282542684431763,0.5878371681867832,-0.46613839747765917,0.7472943874559571,0.8666851265079866,0.8231482219026899,-0.21719667500809522,1.0,0.8602472989921984,0.6723160767265851,0.9600331563636523,0.3002958796369267,0.5688991183497893,0.7119063095577061,0.7943587413697806,0.5601384272835173,-0.024298078709647196,-0.897374438542741,0.9399894657861035,0.5778050896616365,0.32108645271496533,0.8549298575704203,0.7016255052770638,-0.07291447730229919,0.016792691833337803,0.5545312733485555,-0.4796024519869613,0.9574828107985521,0.6282967492633342,0.22671209616040872,0.8884041360792512,0.301704313618467,0.5946802997458016,0.9704698557084288,0.4214037225355007
MOCHI,0.8703516294388667,0.8009850294476424,0.7778021499748553,0.22630701556961252,0.19545536151987652,-0.2418167683618104,-0.05291087792778797,-0.03148844337288859,-0.27921036019068823,0.4300262471495375,0.675970824522021,-0.14268818518782647,0.031540290372619004,0.8400043910755595,0.10095740228097148,-0.6666268467334157,0.6039891216451078,-0.7575855751900825,0.8488258672542759,0.7367432145382096,0.8156737886973475,0.45316917935618256,0.32943600863782924,0.6064270485911684,0.11250211708079437,0.7362981418155607,0.6568239543411587,0.8602472989921984,1.0,0.458614061941761,0.4146993135867259,0.04929818153661619,-0.21497783585173635,0.6524956018161497,0.74299254164754,0.8093430027816314,0.10911808040909553,-0.6834439474667109,0.45984775457955335,-0.3356984860699828,0.6174807119227962,0.7303317501844031,0.30140820430867254,0.37868725867470476,0.25732088921328405,0.37051883442069367,-0.4101784287369004,0.31743955057321516,0.10809644349562995,0.9551535197288702,0.4039691426744784,0.5969033943714331,0.5722251655581995,0.9048878826898756,0.6500347491312637
MOON,0.04134455020402827,-0.5016177402711897,-0.20661096424503525,-0.6921686869254092,-0.02433748713239485,-0.6673567239670819,0.8500616330352523,-0.9919008038548733,-0.4981637558509221,0.8309730172835622,-0.5473268431550472,-0.46890598127679595,0.20425223412603805,0.5185144301579427,-0.3826625726896352,-0.821640533699875,-0.751807814048656,-0.2777883143294577,-0.1483489408923767,-0.2556451217215473,0.08745121530964729,-0.8265993426526921,0.05990938876569392,-0.7559014236615896,0.20453201982822386,0.6990397399760284,0.24248456190045434,0.6723160767265851,0.458614061941761,1.0,0.6285496452656282,-0.7535253905255132,-0.34256572684901504,-0.8605879860045611,0.32739229115713564,-0.5737789795285869,-0.5921121923439171,0.5300297416537909,0.4370816732109595,-0.21661853501421424,-0.4066984499754513,-0.41817282227054026,-0.7349696030195791,-0.15724498303370077,-0.6407066041230148,-0.6452908393442801,-0.7652326728582548,0.27403257244739415,-0.22922845048424784,0.3394073686026053,0.15817005533484957,0.5955987607269041,-0.23743083172264215,0.23887199023182018,0.8256961360906948
Noxi,0.4211083523794331,-0.7202987754168746,0.37881795948903674,-0.015819687632741965,0.742483665138934,0.10034115104710965,0.433641860188121,-0.3747680788919436,0.1012545875712592,0.9992910199868845,-0.932120466338868,0.25628937805604285,0.7325481214533116,0.9749746789964752,0.4635108185817131,-0.5097981406970932,-0.2754167432644248,0.4155314268103865,0.3899768159504115,0.06353481373281653,0.5563160621924274,-0.401015318271412,0.2382023754893113,-0.9919706058914362,0.7794763466321109,0.9853417705995668,0.6651252030400974,0.9600331563636523,0.4146993135867259,0.6285496452656282,1.0,-0.029749942085460213,0.26690199618653143,-0.8294843173527902,0.8047864411597843,-0.08223778923268397,-0.07745455766570426,0.961181210724806,0.8653134744416184,0.5316894317462723,0.2773207390500028,0.02461656135271494,-0.16648877094763093,0.3564553121382281,0.08502472382135923,-0.9288986597732867,-0.04856163691959883,0.9174265452791984,0.06324087502004978,0.15827632782256673,0.7325488461033294,-0.1897068548042394,0.19356021876793786,0.8215915194475584,0.5170194347588651
PILL,0.3812536580469803,0.5464956838619817,0.5746114888811543,0.984981385392483,0.13422382449405265,0.9050594105788793,-0.8685138428413872,0.982757571836825,0.4294726670703262,-0.7591762599516692,-0.5656975354141369,0.7559200400109211,0.5518660112038009,0.05659138475821474,0.8365752437936457,0.5213755844030477,0.7391876023678541,0.5036115513877262,0.8878541923676869,-0.354615332611167,0.261167828279973,0.7798883803807843,-0.3493769254322048,0.6885714884164077,0.44674933174396186,0.0843901430379047,-0.6467733523998898,0.3002958796369267,0.04929818153661619,-0.7535253905255132,-0.029749942085460213,1.0,0.8562823126992717,0.8764368360652618,0.2771422360967772,-0.3847300321941613,0.8252388190197161,-0.06085512927970756,0.5962077700896108,0.589344539911722,0.8835903013600458,0.5440469179839057,0.6192101759417635,0.45847623955049854,0.9735061849437798,-0.3164949654992953,0.9838989106645525,0.3467506931175037,0.18201763439510857,-0.03657944627535715,0.6480945746287683,-0.8550328856554499,0.9202365036934053,0.5694959364338797,-0.5283970626080171
Pochita,0.3156705797521959,0.05288623672523471,0.6821081432018901,0.6075808628638131,0.10688194393500355,0.7231945723265166,-0.44343507018549505,0.9320363185217174,0.5874294549117393,-0.5389771549255504,-0.8234062637718966,0.9879624002192808,0.8759129637981294,0.24989495047341076,0.9462279853209294,0.6641601951546826,0.9551701326590818,0.609049847735115,0.9058534050220259,-0.679190720626876,0.30652781871119167,0.5769890294532604,-0.991026150710897,0.3918805442263136,0.7928038890383959,0.4691712659225701,-0.6022409712312777,0.5688991183497893,-0.21497783585173635,-0.34256572684901504,0.26690199618653143,0.8562823126992717,1.0,0.5496084544155785,0.5532074921560486,-0.7675550499242593,0.44000083934701334,0.1463244108500404,0.8049477958559159,0.8102099299287919,0.4483769908542555,-0.693757176889565,0.5213576851255934,-0.9417798266371908,0.5748487858316871,-0.5223182287381753,0.7576360845421466,0.6180808380838242,0.5218866926400706,-0.3355034098973544,0.8567638688179995,-0.914822512263901,0.8387998250139574,0.6597603919394242,-0.6648992764554643
RAGEGUY,0.5538841998576123,0.9229477005654131,0.6811915513084986,0.7162910475781444,-0.43861709604964794,0.6996308673447723,-0.8917036564850305,0.8747356404168588,-0.09777797625097626,-0.9232246137079292,0.4414566255752863,0.15693266478755175,0.1165641485350964,0.7373547112254376,0.1049208299247987,0.5354695007531325,0.8225536308711281,-0.4520943191861079,0.8376044823919235,0.5867525892396347,0.4201500768158624,0.7913369243347571,-0.6355588623675653,0.965556774388061,-0.020389796831218016,0.3861575740063933,-0.7275634346133877,0.7119063095577061,0.6524956018161497,-0.8605879860045611,-0.8294843173527902,0.8764368360652618,0.5496084544155785,1.0,0.4270045568576375,0.14922784101563671,0.5965635696690849,-0.8147341213236257,0.23640298472979224,-0.5454348149342929,0.5214007027974268,0.8882902180533458,0.8413081778043382,-0.30311311466987345,0.7297112716746661,0.4787424177400426,-0.033781091677059914,-0.6253429232747149,0.4546750421822869,0.07288590629020045,0.29560301545319195,-0.28102087944753806,0.7595484406978571,0.7167205263052906,-0.5516246790580889
RUECAT,0.887775385288764,0.4474261245294214,0.9184027867943383,0.3570099268639476,0.4741050190829203,0.18700352776901613,-0.0454124728319551,0.5542252816661895,0.2726782932626393,0.3347679213912609,0.23245817689314244,0.6888233468194969,0.8362700866451179,0.7504075551728634,0.8174684761554308,-0.04569414425683899,0.8700365112324028,0.25397555394828014,0.8454160164521083,0.6066983776327223,0.9333468720358213,0.5608464202926321,-0.441297590685881,0.34836444353999113,0.9104723100113055,0.9399520216618618,0.15805590419717933,0.7943587413697806,0.74299254164754,0.32739229115713564,0.8047864411597843,0.2771422360967772,0.5532074921560486,0.4270045568576375,1.0,0.32466952806820576,-0.01236546974469273,-0.47199611659616103,0.812735243932756,0.709436006650126,0.530606359192047,0.37242590374680595,0.36474649473813364,-0.45215763480935706,0.3420720380620435,0.06828105284953022,-0.11126998814294903,0.9622961817808126,0.4782892193094626,0.11742788469046721,0.8444419626531355,0.05752634999504953,0.4404084381148706,0.8903708114201574,0.041874312377003675
RWA,0.44683270960838717,0.43759656109459827,0.48438882132584177,0.6431924007734214,0.44344825271945376,0.8637766699304423,-0.48320834270813784,-0.2572162843882458,-0.06924196628936571,0.7231925099224096,0.9141599498548274,0.14561632980003966,-0.6448520276259002,0.925091044800403,0.6738114054501575,0.07735923584424939,0.2774034240509042,0.6430961902920567,0.24861919161906554,0.7917145541346512,0.5011175238588692,0.32718368671690096,0.8314364898813469,0.19828471500230285,-0.4066812129894271,0.2392668264973534,0.9185442417760321,0.5601384272835173,0.8093430027816314,-0.5737789795285869,-0.08223778923268397,-0.3847300321941613,-0.7675550499242593,0.14922784101563671,0.32466952806820576,1.0,0.05864951477930032,-0.5387761199827479,-0.7507141438914205,0.6956725812811093,0.7267487778062272,0.9189463390758118,0.49793774287839426,0.8700542849137481,0.7921343662490233,0.7135244825655285,-0.14317037486740167,0.13166495622020769,0.24139044309664004,0.11211150471502021,-0.5814847422200085,0.07805588185507965,-0.823374566784175,0.48940323353973775,-0.07643116861484306
SHITTER,0.29945946121428013,0.44238549353945505,0.13813058792138028,0.86527043848137,0.2538035994205528,0.8216953812456855,-0.7392157797224584,0.7904557699248245,0.09304763381312656,-0.6913646685185487,-0.15991186473579763,0.3189055743320866,0.10016068746505669,0.01972383375345863,0.6917769652922389,0.10838929038803895,0.08860902115886958,0.3829250618160649,0.3049764292906454,0.04097628532142132,0.21911187949569289,0.5358871462223495,0.15130609860698985,0.4226542323390575,0.06331096885370587,-0.17026877349303957,-0.47286895454358713,-0.024298078709647196,0.10911808040909553,-0.5921121923439171,-0.07745455766570426,0.8252388190197161,0.44000083934701334,0.5965635696690849,-0.01236546974469273,0.05864951477930032,1.0,-0.08879505240213333,0.3018197002714807,0.5209214826456803,0.9105612089854714,0.550062338849811,0.48569687132172135,0.6631919920002589,0.9234100424913737,-0.07049805919101818,0.6893235686197199,0.17764791166376634,-0.14672123634800227,0.43024873888592313,0.31506574494965095,-0.8106112795368164,0.7771409820194803,0.23540300273297435,-0.1182750181965226
